5
3
10
3
500
[[480, 465, 465, 465, 420], [435, 480, 480, 435, 420], [480, 465, 450, 450, 465]]
[92, 105, 70, 67, 92, 100, 75, 88, 89, 84]
[[5083, 4354, 4008, 4796, 5384], [5558, 5701, 4526, 4043, 4822], [5434, 5516, 5701, 5045, 4342]]
[[1836, 2125, 1553, 2166, 2319], [2017, 2299, 1879, 1889, 1589], [2147, 1930, 2450, 2303, 1699]]
[2, 5, 1, 4, 1, 5, 5, 3, 5, 2]
[[149, 185, 262, 159, 99, 122, 123, 169, 153, 102], [254, 157, 156, 189, 119, 178, 134, 137, 168, 171], [88, 165, 188, 188, 188, 179, 128, 121, 146, 173], [223, 122, 163, 164, 188, 178, 194, 116, 141, 175], [254, 186, 132, 195, 175, 140, 189, 145, 131, 199], [173, 159, 140, 126, 115, 187, 213, 152, 168, 118], [128, 159, 84, 209, 146, 101, 161, 106, 157, 170], [137, 144, 174, 152, 139, 128, 118, 94, 122, 162], [157, 193, 169, 120, 209, 115, 158, 127, 96, 150], [123, 158, 128, 142, 112, 123, 166, 144, 147, 215], [191, 177, 115, 156, 170, 245, 154, 214, 172, 196], [120, 143, 146, 172, 116, 136, 167, 304, 148, 185], [147, 155, 134, 80, 181, 188, 172, 141, 119, 154], [126, 181, 136, 103, 106, 89, 271, 136, 164, 162], [174, 184, 166, 229, 122, 116, 160, 138, 208, 189], [126, 177, 133, 143, 197, 114, 128, 153, 247, 155], [104, 194, 132, 164, 113, 200, 209, 138, 112, 119], [150, 182, 104, 106, 246, 125, 190, 98, 234, 139], [199, 182, 236, 116, 203, 199, 98, 200, 137, 166], [145, 154, 149, 116, 174, 233, 166, 118, 300, 149], [201, 143, 118, 190, 146, 218, 127, 135, 201, 156], [155, 157, 128, 163, 108, 179, 149, 154, 148, 134], [181, 187, 134, 192, 116, 88, 134, 230, 197, 141], [188, 211, 106, 255, 100, 114, 216, 162, 126, 146], [190, 208, 162, 214, 112, 114, 109, 223, 196, 120], [163, 196, 108, 159, 143, 117, 142, 173, 129, 130], [179, 183, 207, 154, 208, 198, 125, 195, 145, 144], [163, 93, 154, 195, 130, 105, 212, 147, 264, 175], [203, 106, 109, 144, 204, 134, 175, 197, 165, 170], [119, 106, 131, 107, 191, 135, 96, 167, 177, 285], [126, 182, 128, 104, 182, 158, 158, 105, 165, 161], [170, 202, 96, 163, 161, 126, 214, 126, 127, 117], [134, 120, 146, 159, 244, 174, 107, 143, 205, 192], [117, 154, 123, 231, 183, 137, 150, 115, 158, 128], [137, 206, 74, 144, 171, 114, 138, 126, 170, 163], [100, 158, 178, 178, 150, 186, 210, 168, 103, 170], [154, 108, 126, 199, 186, 156, 150, 160, 154, 141], [109, 116, 97, 71, 201, 153, 161, 161, 167, 132], [152, 123, 107, 136, 153, 160, 170, 189, 96, 181], [125, 208, 157, 225, 155, 123, 133, 137, 220, 138], [175, 201, 155, 105, 152, 123, 141, 121, 148, 122], [157, 158, 150, 146, 124, 144, 230, 108, 183, 212], [183, 138, 211, 197, 259, 237, 133, 192, 140, 137], [127, 130, 172, 197, 213, 119, 203, 163, 197, 113], [105, 170, 195, 184, 169, 143, 104, 117, 180, 117], [177, 181, 151, 206, 124, 188, 162, 164, 129, 187], [171, 246, 136, 225, 182, 155, 154, 168, 139, 91], [201, 114, 165, 87, 185, 112, 120, 201, 109, 194], [180, 127, 122, 204, 228, 148, 139, 134, 235, 150], [170, 134, 243, 151, 131, 123, 145, 92, 187, 125], [153, 251, 243, 165, 118, 300, 155, 81, 191, 130], [96, 138, 158, 125, 160, 189, 175, 134, 132, 154], [127, 144, 142, 187, 192, 141, 174, 139, 225, 157], [146, 86, 236, 129, 192, 211, 158, 182, 154, 156], [158, 170, 124, 234, 184, 134, 141, 159, 135, 182], [125, 105, 101, 262, 138, 181, 160, 160, 131, 126], [160, 142, 181, 120, 156, 179, 311, 177, 149, 183], [155, 173, 167, 179, 196, 211, 153, 203, 182, 141], [131, 193, 126, 183, 145, 225, 137, 174, 161, 156], [273, 198, 142, 105, 158, 150, 149, 215, 171, 240], [169, 189, 125, 236, 150, 164, 133, 96, 186, 174], [139, 135, 133, 176, 107, 152, 149, 184, 140, 175], [133, 152, 110, 96, 96, 181, 142, 155, 155, 145], [208, 232, 166, 185, 147, 112, 157, 114, 203, 175], [161, 152, 157, 178, 136, 200, 155, 179, 170, 143], [79, 183, 158, 112, 184, 183, 129, 172, 200, 178], [160, 296, 153, 173, 170, 200, 179, 165, 106, 180], [202, 169, 104, 144, 165, 211, 148, 178, 104, 152], [192, 137, 166, 153, 120, 152, 284, 133, 167, 134], [234, 125, 160, 175, 179, 154, 173, 165, 138, 192], [164, 222, 168, 197, 143, 165, 120, 222, 176, 188], [142, 231, 129, 130, 129, 155, 166, 185, 168, 195], [140, 167, 174, 169, 128, 180, 191, 128, 155, 152], [112, 142, 148, 106, 121, 96, 202, 129, 129, 135], [150, 105, 97, 139, 176, 131, 142, 138, 148, 139], [186, 133, 129, 115, 165, 168, 134, 160, 137, 182], [86, 161, 192, 157, 235, 156, 106, 100, 145, 148], [162, 155, 218, 105, 93, 127, 141, 159, 131, 114], [130, 187, 181, 228, 109, 255, 164, 172, 179, 104], [110, 145, 108, 103, 123, 139, 179, 102, 212, 145], [198, 100, 136, 172, 185, 230, 115, 120, 197, 166], [169, 146, 226, 187, 156, 172, 213, 176, 175, 97], [113, 182, 160, 165, 136, 128, 106, 127, 130, 192], [155, 175, 245, 168, 212, 133, 117, 236, 229, 148], [100, 219, 217, 158, 189, 161, 105, 163, 103, 113], [217, 178, 231, 198, 126, 128, 132, 111, 159, 159], [209, 197, 107, 193, 187, 178, 184, 127, 200, 78], [174, 190, 215, 141, 177, 192, 145, 186, 151, 151], [239, 129, 118, 132, 249, 180, 97, 138, 149, 128], [128, 157, 153, 145, 119, 124, 164, 109, 132, 174], [98, 167, 235, 82, 162, 166, 175, 127, 151, 152], [119, 228, 240, 164, 171, 204, 160, 182, 95, 174], [129, 153, 157, 117, 137, 109, 126, 144, 145, 162], [140, 122, 312, 213, 136, 119, 174, 193, 104, 198], [180, 106, 102, 180, 73, 115, 169, 132, 256, 201], [151, 163, 182, 217, 152, 113, 178, 124, 130, 176], [179, 239, 136, 150, 91, 210, 153, 211, 198, 97], [139, 147, 227, 107, 217, 172, 215, 98, 204, 154], [195, 107, 204, 201, 157, 140, 127, 131, 81, 145], [163, 164, 196, 210, 156, 156, 137, 118, 156, 211]]