5
3
25
5
500
[[480, 465, 465, 465, 420], [435, 480, 480, 435, 420], [480, 465, 450, 450, 465]]
[92, 105, 70, 67, 92, 100, 75, 88, 89, 84, 90, 65, 113, 75, 62, 114, 98, 83, 79, 85, 107, 104, 70, 84, 93]
[[5083, 4354, 4008, 4796, 5384], [5558, 5701, 4526, 4043, 4822], [5434, 5516, 5701, 5045, 4342]]
[[1836, 2125, 1553, 2166, 2319], [2017, 2299, 1879, 1889, 1589], [2147, 1930, 2450, 2303, 1699]]
[2, 5, 1, 4, 1, 5, 5, 3, 5, 2, 1, 4, 1, 5, 1, 1, 4, 3, 1, 5, 2, 5, 1, 2, 4]
[[149, 185, 262, 159, 99, 122, 123, 169, 153, 102, 86, 115, 189, 175, 132, 157, 139, 113, 99, 137, 134, 104, 161, 176, 196], [254, 157, 156, 189, 119, 178, 134, 137, 168, 171, 119, 126, 178, 201, 160, 120, 181, 172, 237, 120, 173, 167, 203, 134, 133], [88, 165, 188, 188, 188, 179, 128, 121, 146, 173, 198, 168, 144, 130, 205, 129, 267, 131, 108, 198, 141, 128, 169, 157, 107], [223, 122, 163, 164, 188, 178, 194, 116, 141, 175, 186, 167, 134, 110, 136, 135, 184, 162, 94, 89, 166, 178, 159, 153, 140], [254, 186, 132, 195, 175, 140, 189, 145, 131, 199, 185, 139, 213, 124, 113, 159, 196, 124, 151, 246, 150, 112, 235, 160, 155], [173, 159, 140, 126, 115, 187, 213, 152, 168, 118, 133, 162, 187, 143, 135, 156, 146, 168, 161, 182, 122, 115, 218, 143, 143], [128, 159, 84, 209, 146, 101, 161, 106, 157, 170, 97, 157, 157, 169, 123, 159, 200, 146, 155, 143, 254, 117, 176, 169, 133], [137, 144, 174, 152, 139, 128, 118, 94, 122, 162, 169, 187, 131, 168, 164, 109, 164, 110, 121, 159, 136, 220, 161, 127, 134], [157, 193, 169, 120, 209, 115, 158, 127, 96, 150, 169, 224, 176, 106, 150, 147, 146, 106, 110, 168, 93, 195, 212, 143, 133], [123, 158, 128, 142, 112, 123, 166, 144, 147, 215, 190, 172, 119, 156, 224, 147, 159, 160, 205, 113, 165, 112, 139, 155, 164], [191, 177, 115, 156, 170, 245, 154, 214, 172, 196, 115, 106, 201, 131, 210, 141, 222, 147, 181, 155, 220, 231, 229, 180, 160], [120, 143, 146, 172, 116, 136, 167, 304, 148, 185, 127, 164, 149, 156, 164, 162, 141, 156, 179, 82, 160, 225, 145, 220, 161], [147, 155, 134, 80, 181, 188, 172, 141, 119, 154, 186, 154, 132, 143, 137, 118, 121, 188, 147, 164, 142, 242, 149, 178, 157], [126, 181, 136, 103, 106, 89, 271, 136, 164, 162, 170, 114, 167, 149, 206, 172, 170, 104, 129, 103, 181, 126, 169, 94, 122], [174, 184, 166, 229, 122, 116, 160, 138, 208, 189, 135, 164, 161, 137, 116, 116, 149, 193, 217, 110, 262, 130, 174, 172, 160], [126, 177, 133, 143, 197, 114, 128, 153, 247, 155, 111, 159, 154, 162, 207, 113, 174, 123, 166, 132, 110, 174, 165, 222, 173], [104, 194, 132, 164, 113, 200, 209, 138, 112, 119, 133, 179, 127, 152, 123, 108, 112, 124, 147, 220, 143, 115, 138, 131, 178], [150, 182, 104, 106, 246, 125, 190, 98, 234, 139, 141, 118, 158, 158, 133, 150, 118, 121, 180, 141, 163, 116, 147, 126, 186], [199, 182, 236, 116, 203, 199, 98, 200, 137, 166, 186, 118, 125, 90, 152, 114, 213, 149, 181, 215, 208, 152, 108, 172, 179], [145, 154, 149, 116, 174, 233, 166, 118, 300, 149, 113, 151, 154, 134, 178, 118, 131, 97, 136, 148, 218, 209, 164, 131, 152], [201, 143, 118, 190, 146, 218, 127, 135, 201, 156, 224, 199, 183, 129, 152, 186, 139, 185, 195, 254, 147, 171, 168, 151, 133], [155, 157, 128, 163, 108, 179, 149, 154, 148, 134, 133, 168, 169, 159, 149, 126, 145, 183, 180, 144, 171, 163, 133, 174, 169], [181, 187, 134, 192, 116, 88, 134, 230, 197, 141, 154, 165, 159, 204, 162, 120, 180, 100, 232, 139, 138, 195, 244, 176, 152], [188, 211, 106, 255, 100, 114, 216, 162, 126, 146, 190, 180, 160, 182, 203, 266, 94, 185, 208, 142, 142, 108, 217, 148, 174], [190, 208, 162, 214, 112, 114, 109, 223, 196, 120, 197, 168, 145, 132, 169, 130, 105, 182, 227, 181, 171, 122, 221, 169, 200], [163, 196, 108, 159, 143, 117, 142, 173, 129, 130, 186, 149, 143, 121, 192, 100, 134, 126, 131, 199, 134, 222, 147, 227, 167], [179, 183, 207, 154, 208, 198, 125, 195, 145, 144, 168, 110, 128, 165, 157, 126, 164, 186, 197, 89, 143, 146, 238, 127, 171], [163, 93, 154, 195, 130, 105, 212, 147, 264, 175, 250, 179, 173, 188, 126, 218, 203, 199, 143, 146, 116, 163, 150, 106, 164], [203, 106, 109, 144, 204, 134, 175, 197, 165, 170, 144, 205, 126, 193, 179, 157, 156, 178, 208, 152, 198, 141, 147, 165, 182], [119, 106, 131, 107, 191, 135, 96, 167, 177, 285, 147, 133, 123, 162, 127, 187, 162, 178, 164, 178, 213, 151, 184, 114, 151], [126, 182, 128, 104, 182, 158, 158, 105, 165, 161, 105, 166, 167, 308, 130, 211, 171, 192, 199, 230, 104, 168, 225, 192, 175], [170, 202, 96, 163, 161, 126, 214, 126, 127, 117, 136, 240, 160, 93, 169, 133, 132, 171, 185, 129, 166, 319, 237, 151, 202], [134, 120, 146, 159, 244, 174, 107, 143, 205, 192, 184, 153, 123, 133, 156, 187, 158, 170, 159, 100, 159, 153, 88, 173, 115], [117, 154, 123, 231, 183, 137, 150, 115, 158, 128, 136, 170, 90, 181, 186, 174, 167, 193, 148, 159, 146, 170, 166, 135, 107], [137, 206, 74, 144, 171, 114, 138, 126, 170, 163, 155, 148, 164, 184, 160, 163, 149, 200, 143, 136, 152, 160, 157, 145, 228], [100, 158, 178, 178, 150, 186, 210, 168, 103, 170, 121, 134, 170, 183, 206, 112, 225, 182, 247, 204, 202, 140, 172, 195, 208], [154, 108, 126, 199, 186, 156, 150, 160, 154, 141, 179, 134, 134, 141, 145, 133, 197, 232, 133, 146, 157, 189, 174, 148, 139], [109, 116, 97, 71, 201, 153, 161, 161, 167, 132, 87, 92, 114, 173, 210, 173, 172, 187, 140, 120, 176, 128, 140, 152, 112], [152, 123, 107, 136, 153, 160, 170, 189, 96, 181, 184, 175, 135, 201, 195, 167, 139, 170, 104, 172, 151, 168, 234, 267, 238], [125, 208, 157, 225, 155, 123, 133, 137, 220, 138, 156, 250, 162, 145, 160, 235, 240, 157, 114, 247, 97, 218, 162, 166, 216], [175, 201, 155, 105, 152, 123, 141, 121, 148, 122, 122, 162, 146, 198, 221, 133, 133, 253, 138, 168, 176, 133, 188, 164, 205], [157, 158, 150, 146, 124, 144, 230, 108, 183, 212, 159, 126, 143, 132, 172, 204, 220, 146, 127, 172, 160, 141, 192, 105, 177], [183, 138, 211, 197, 259, 237, 133, 192, 140, 137, 142, 220, 183, 151, 109, 150, 164, 181, 235, 246, 62, 147, 167, 133, 180], [127, 130, 172, 197, 213, 119, 203, 163, 197, 113, 175, 163, 127, 193, 201, 238, 172, 198, 237, 162, 232, 119, 182, 153, 136], [105, 170, 195, 184, 169, 143, 104, 117, 180, 117, 104, 132, 219, 205, 139, 200, 87, 165, 153, 222, 117, 152, 141, 143, 146], [177, 181, 151, 206, 124, 188, 162, 164, 129, 187, 207, 177, 125, 137, 167, 217, 166, 136, 165, 203, 119, 133, 207, 186, 159], [171, 246, 136, 225, 182, 155, 154, 168, 139, 91, 161, 114, 134, 167, 132, 154, 126, 122, 202, 110, 134, 111, 180, 183, 158], [201, 114, 165, 87, 185, 112, 120, 201, 109, 194, 155, 175, 254, 274, 133, 114, 156, 215, 179, 155, 168, 157, 134, 161, 113], [180, 127, 122, 204, 228, 148, 139, 134, 235, 150, 139, 170, 114, 113, 97, 150, 233, 205, 104, 110, 120, 188, 177, 169, 139], [170, 134, 243, 151, 131, 123, 145, 92, 187, 125, 199, 115, 155, 139, 159, 96, 184, 131, 95, 117, 220, 344, 131, 145, 118], [153, 251, 243, 165, 118, 300, 155, 81, 191, 130, 132, 121, 192, 159, 176, 104, 176, 143, 127, 163, 148, 164, 114, 190, 155], [96, 138, 158, 125, 160, 189, 175, 134, 132, 154, 186, 205, 141, 211, 157, 161, 185, 179, 146, 152, 111, 103, 96, 168, 192], [127, 144, 142, 187, 192, 141, 174, 139, 225, 157, 153, 147, 144, 116, 101, 191, 281, 202, 281, 118, 91, 186, 169, 159, 190], [146, 86, 236, 129, 192, 211, 158, 182, 154, 156, 192, 133, 137, 146, 121, 198, 187, 200, 126, 163, 146, 112, 166, 84, 138], [158, 170, 124, 234, 184, 134, 141, 159, 135, 182, 117, 154, 133, 140, 183, 135, 142, 188, 109, 180, 176, 149, 134, 149, 154], [125, 105, 101, 262, 138, 181, 160, 160, 131, 126, 113, 212, 136, 159, 280, 147, 190, 142, 181, 133, 174, 121, 156, 159, 167], [160, 142, 181, 120, 156, 179, 311, 177, 149, 183, 148, 123, 175, 138, 106, 140, 157, 110, 273, 166, 133, 198, 141, 131, 111], [155, 173, 167, 179, 196, 211, 153, 203, 182, 141, 121, 169, 191, 192, 161, 143, 136, 139, 180, 159, 147, 142, 139, 155, 177], [131, 193, 126, 183, 145, 225, 137, 174, 161, 156, 266, 186, 131, 172, 163, 211, 199, 177, 192, 135, 114, 190, 202, 159, 154], [273, 198, 142, 105, 158, 150, 149, 215, 171, 240, 207, 121, 136, 225, 102, 231, 150, 236, 86, 146, 137, 299, 123, 145, 249], [169, 189, 125, 236, 150, 164, 133, 96, 186, 174, 171, 146, 108, 114, 131, 161, 220, 128, 128, 181, 151, 115, 147, 194, 168], [139, 135, 133, 176, 107, 152, 149, 184, 140, 175, 140, 134, 270, 180, 202, 166, 162, 151, 129, 192, 114, 158, 179, 208, 187], [133, 152, 110, 96, 96, 181, 142, 155, 155, 145, 154, 215, 126, 140, 128, 229, 152, 142, 115, 133, 207, 201, 164, 166, 161], [208, 232, 166, 185, 147, 112, 157, 114, 203, 175, 133, 169, 186, 178, 143, 107, 160, 206, 165, 111, 160, 149, 214, 128, 118], [161, 152, 157, 178, 136, 200, 155, 179, 170, 143, 150, 105, 145, 139, 169, 175, 118, 101, 197, 176, 132, 143, 165, 137, 203], [79, 183, 158, 112, 184, 183, 129, 172, 200, 178, 182, 154, 185, 190, 93, 156, 142, 139, 139, 156, 132, 135, 131, 174, 240], [160, 296, 153, 173, 170, 200, 179, 165, 106, 180, 122, 125, 159, 147, 145, 206, 143, 195, 139, 163, 125, 160, 175, 147, 157], [202, 169, 104, 144, 165, 211, 148, 178, 104, 152, 138, 199, 177, 152, 112, 101, 184, 139, 136, 126, 138, 196, 143, 166, 212], [192, 137, 166, 153, 120, 152, 284, 133, 167, 134, 127, 210, 199, 131, 161, 173, 151, 138, 132, 204, 159, 246, 172, 168, 146], [234, 125, 160, 175, 179, 154, 173, 165, 138, 192, 189, 128, 190, 142, 138, 144, 122, 149, 123, 143, 124, 138, 216, 115, 196], [164, 222, 168, 197, 143, 165, 120, 222, 176, 188, 137, 130, 173, 140, 227, 183, 111, 157, 117, 213, 193, 160, 167, 173, 112], [142, 231, 129, 130, 129, 155, 166, 185, 168, 195, 155, 212, 143, 217, 126, 149, 206, 190, 277, 148, 184, 198, 168, 188, 203], [140, 167, 174, 169, 128, 180, 191, 128, 155, 152, 104, 128, 132, 195, 110, 183, 133, 112, 117, 269, 160, 184, 185, 108, 105], [112, 142, 148, 106, 121, 96, 202, 129, 129, 135, 117, 159, 211, 106, 252, 90, 85, 97, 108, 135, 202, 170, 151, 244, 140], [150, 105, 97, 139, 176, 131, 142, 138, 148, 139, 165, 106, 138, 116, 198, 218, 141, 162, 105, 152, 127, 121, 126, 199, 154], [186, 133, 129, 115, 165, 168, 134, 160, 137, 182, 150, 153, 193, 185, 97, 130, 105, 154, 119, 119, 166, 118, 176, 130, 186], [86, 161, 192, 157, 235, 156, 106, 100, 145, 148, 157, 249, 148, 164, 219, 103, 107, 238, 184, 204, 164, 129, 193, 217, 127], [162, 155, 218, 105, 93, 127, 141, 159, 131, 114, 211, 205, 138, 132, 180, 243, 230, 181, 158, 210, 135, 142, 209, 175, 159], [130, 187, 181, 228, 109, 255, 164, 172, 179, 104, 169, 120, 205, 157, 121, 188, 163, 133, 190, 193, 182, 158, 111, 114, 140], [110, 145, 108, 103, 123, 139, 179, 102, 212, 145, 179, 118, 106, 174, 273, 260, 188, 154, 163, 136, 134, 152, 198, 174, 168], [198, 100, 136, 172, 185, 230, 115, 120, 197, 166, 198, 147, 145, 132, 152, 181, 181, 135, 150, 123, 125, 156, 150, 153, 95], [169, 146, 226, 187, 156, 172, 213, 176, 175, 97, 294, 107, 241, 151, 223, 223, 196, 202, 214, 119, 213, 154, 161, 198, 121], [113, 182, 160, 165, 136, 128, 106, 127, 130, 192, 146, 187, 180, 193, 136, 140, 151, 140, 100, 201, 148, 137, 165, 113, 232], [155, 175, 245, 168, 212, 133, 117, 236, 229, 148, 194, 158, 116, 197, 114, 136, 125, 225, 270, 220, 148, 97, 154, 213, 118], [100, 219, 217, 158, 189, 161, 105, 163, 103, 113, 157, 149, 159, 189, 139, 192, 211, 134, 102, 210, 90, 181, 192, 114, 90], [217, 178, 231, 198, 126, 128, 132, 111, 159, 159, 132, 210, 154, 141, 203, 115, 181, 142, 197, 125, 223, 135, 123, 134, 96], [209, 197, 107, 193, 187, 178, 184, 127, 200, 78, 229, 98, 148, 219, 121, 121, 111, 140, 168, 188, 154, 170, 182, 243, 136], [174, 190, 215, 141, 177, 192, 145, 186, 151, 151, 198, 180, 123, 151, 196, 148, 170, 170, 206, 314, 181, 92, 165, 127, 84], [239, 129, 118, 132, 249, 180, 97, 138, 149, 128, 207, 211, 175, 127, 119, 151, 174, 159, 195, 140, 220, 241, 87, 157, 210], [128, 157, 153, 145, 119, 124, 164, 109, 132, 174, 162, 207, 160, 66, 133, 176, 130, 166, 156, 190, 126, 113, 220, 136, 161], [98, 167, 235, 82, 162, 166, 175, 127, 151, 152, 128, 185, 116, 141, 139, 296, 139, 124, 156, 126, 188, 238, 235, 193, 232], [119, 228, 240, 164, 171, 204, 160, 182, 95, 174, 193, 217, 176, 139, 247, 265, 139, 146, 149, 198, 101, 151, 129, 117, 229], [129, 153, 157, 117, 137, 109, 126, 144, 145, 162, 166, 183, 123, 112, 174, 182, 118, 140, 185, 144, 139, 143, 202, 176, 169], [140, 122, 312, 213, 136, 119, 174, 193, 104, 198, 243, 204, 139, 178, 147, 150, 150, 138, 187, 92, 169, 118, 90, 114, 222], [180, 106, 102, 180, 73, 115, 169, 132, 256, 201, 119, 183, 209, 131, 204, 154, 124, 232, 150, 186, 180, 198, 95, 164, 209], [151, 163, 182, 217, 152, 113, 178, 124, 130, 176, 187, 111, 256, 230, 239, 118, 132, 202, 151, 202, 175, 163, 150, 120, 171], [179, 239, 136, 150, 91, 210, 153, 211, 198, 97, 149, 229, 110, 211, 155, 105, 184, 129, 155, 169, 206, 155, 192, 103, 156], [139, 147, 227, 107, 217, 172, 215, 98, 204, 154, 116, 162, 142, 124, 144, 111, 146, 189, 148, 142, 179, 149, 128, 151, 150], [195, 107, 204, 201, 157, 140, 127, 131, 81, 145, 146, 188, 124, 110, 111, 198, 130, 98, 178, 220, 184, 178, 101, 149, 113], [163, 164, 196, 210, 156, 156, 137, 118, 156, 211, 157, 110, 160, 174, 152, 173, 138, 201, 196, 120, 154, 216, 177, 243, 175]]