5
3
75
3
500
[[480, 465, 465, 465, 420], [435, 480, 480, 435, 420], [480, 465, 450, 450, 465]]
[92, 105, 70, 67, 92, 100, 75, 88, 89, 84, 90, 65, 113, 75, 62, 114, 98, 83, 79, 85, 107, 104, 70, 84, 93, 85, 106, 78, 116, 67, 78, 87, 67, 69, 83, 87, 66, 60, 102, 62, 88, 66, 97, 106, 91, 104, 77, 89, 108, 120, 69, 109, 81, 86, 88, 116, 104, 117, 75, 115, 69, 95, 112, 75, 79, 69, 106, 102, 63, 108, 89, 79, 105, 108, 119]
[[5083, 4354, 4008, 4796, 5384], [5558, 5701, 4526, 4043, 4822], [5434, 5516, 5701, 5045, 4342]]
[[1836, 2125, 1553, 2166, 2319], [2017, 2299, 1879, 1889, 1589], [2147, 1930, 2450, 2303, 1699]]
[2, 5, 1, 4, 1, 5, 5, 3, 5, 2, 1, 4, 1, 5, 1, 1, 4, 3, 1, 5, 2, 5, 1, 2, 4, 5, 1, 2, 1, 2, 4, 1, 2, 4, 3, 5, 5, 1, 2, 2, 3, 1, 1, 1, 5, 3, 1, 2, 3, 3, 5, 4, 1, 1, 1, 5, 5, 1, 5, 2, 2, 3, 5, 3, 2, 1, 5, 4, 5, 3, 1, 5, 1, 2, 5]
[[109, 123, 123, 153, 183, 164, 127, 141, 116, 152, 130, 203, 224, 106, 81, 136, 192, 186, 158, 182, 108, 170, 142, 219, 211, 188, 154, 242, 167, 134, 162, 127, 138, 221, 131, 191, 230, 156, 113, 180, 208, 148, 116, 141, 137, 116, 109, 96, 151, 102, 203, 86, 105, 200, 151, 146, 134, 136, 122, 128, 164, 165, 139, 188, 109, 196, 140, 141, 150, 119, 184, 140, 149, 188, 153], [138, 139, 258, 130, 167, 95, 154, 159, 129, 170, 147, 157, 115, 163, 142, 110, 239, 148, 124, 115, 140, 209, 224, 128, 156, 161, 100, 140, 182, 155, 166, 141, 183, 114, 146, 139, 116, 147, 185, 200, 162, 181, 170, 178, 103, 147, 189, 142, 248, 119, 195, 150, 177, 228, 196, 145, 194, 152, 150, 188, 160, 224, 209, 188, 221, 219, 259, 115, 193, 124, 141, 154, 156, 155, 155], [73, 148, 200, 141, 222, 106, 124, 104, 147, 123, 187, 158, 221, 176, 177, 153, 206, 126, 150, 209, 142, 159, 165, 175, 163, 124, 95, 137, 162, 207, 117, 132, 160, 132, 146, 135, 98, 150, 140, 124, 164, 167, 128, 124, 101, 103, 122, 162, 125, 180, 135, 205, 209, 181, 187, 134, 146, 124, 171, 144, 179, 136, 141, 172, 122, 220, 124, 179, 148, 107, 110, 128, 93, 83, 141], [81, 120, 108, 126, 135, 137, 109, 198, 308, 146, 167, 117, 97, 160, 147, 122, 145, 105, 196, 165, 132, 191, 155, 157, 198, 199, 127, 150, 152, 145, 215, 155, 141, 138, 131, 138, 175, 159, 138, 142, 136, 121, 180, 129, 110, 150, 121, 237, 157, 170, 176, 144, 173, 120, 116, 146, 159, 136, 147, 261, 164, 286, 103, 159, 166, 179, 120, 167, 120, 217, 133, 120, 135, 190, 180], [181, 225, 171, 121, 125, 158, 171, 148, 160, 175, 105, 168, 183, 113, 151, 144, 131, 159, 155, 189, 241, 128, 95, 209, 95, 154, 137, 140, 231, 125, 163, 97, 188, 92, 143, 217, 125, 147, 93, 180, 123, 141, 159, 157, 206, 118, 153, 144, 139, 186, 139, 344, 165, 144, 140, 155, 222, 178, 150, 135, 108, 172, 142, 135, 96, 167, 181, 160, 187, 217, 168, 202, 215, 183, 119], [105, 142, 105, 213, 138, 116, 139, 147, 87, 127, 268, 186, 199, 214, 213, 223, 198, 150, 148, 181, 187, 94, 140, 113, 144, 146, 142, 171, 100, 160, 142, 186, 251, 156, 136, 154, 208, 187, 150, 210, 142, 127, 153, 93, 195, 138, 150, 168, 167, 178, 157, 142, 197, 193, 214, 128, 150, 153, 94, 138, 160, 124, 128, 235, 133, 155, 208, 202, 130, 112, 104, 137, 136, 148, 155], [139, 171, 189, 128, 108, 188, 125, 108, 103, 112, 154, 145, 190, 184, 181, 111, 190, 118, 208, 147, 152, 117, 213, 136, 171, 142, 125, 269, 113, 141, 123, 114, 115, 312, 125, 179, 181, 125, 240, 155, 112, 153, 87, 130, 142, 160, 165, 131, 150, 119, 127, 170, 219, 197, 137, 164, 145, 180, 244, 209, 233, 175, 137, 227, 122, 112, 152, 280, 111, 193, 111, 119, 106, 143, 180], [189, 139, 124, 140, 157, 129, 107, 212, 84, 178, 160, 193, 138, 123, 118, 108, 88, 140, 184, 201, 124, 179, 172, 193, 193, 157, 219, 195, 111, 153, 137, 117, 121, 122, 179, 158, 115, 186, 198, 227, 138, 224, 189, 170, 204, 127, 180, 146, 143, 140, 116, 208, 154, 186, 237, 179, 107, 139, 185, 189, 155, 154, 155, 240, 144, 120, 202, 285, 185, 177, 131, 191, 141, 99, 204], [179, 186, 151, 123, 93, 140, 125, 198, 111, 166, 129, 207, 181, 91, 192, 137, 174, 135, 159, 125, 249, 142, 159, 208, 171, 157, 166, 124, 166, 141, 125, 173, 121, 112, 153, 139, 218, 150, 146, 201, 172, 159, 123, 178, 141, 130, 179, 123, 122, 141, 150, 184, 143, 105, 146, 188, 116, 110, 150, 215, 112, 128, 171, 188, 251, 156, 127, 100, 128, 153, 139, 235, 164, 112, 192], [139, 143, 139, 146, 86, 116, 134, 125, 121, 233, 179, 94, 128, 181, 174, 183, 169, 147, 220, 163, 171, 124, 135, 142, 183, 204, 176, 219, 117, 116, 101, 205, 187, 164, 190, 153, 111, 90, 142, 261, 167, 131, 148, 160, 160, 145, 204, 168, 183, 130, 119, 182, 132, 136, 109, 164, 117, 158, 127, 113, 147, 179, 127, 126, 225, 233, 116, 157, 130, 180, 136, 201, 139, 139, 158], [218, 203, 146, 163, 252, 211, 143, 191, 99, 123, 218, 183, 146, 140, 109, 198, 165, 184, 163, 124, 149, 184, 158, 148, 201, 159, 161, 129, 165, 73, 179, 99, 146, 140, 142, 215, 204, 134, 120, 120, 99, 114, 176, 63, 128, 116, 128, 198, 169, 123, 175, 179, 159, 83, 229, 293, 190, 131, 134, 151, 109, 221, 208, 132, 79, 119, 142, 118, 105, 269, 200, 125, 147, 187, 203], [122, 118, 81, 124, 157, 211, 185, 153, 168, 202, 164, 124, 148, 86, 157, 183, 171, 119, 186, 178, 135, 160, 135, 140, 128, 155, 240, 133, 217, 99, 96, 156, 170, 202, 181, 167, 178, 194, 121, 176, 212, 160, 127, 167, 178, 186, 164, 183, 132, 124, 245, 141, 159, 118, 128, 217, 143, 149, 119, 171, 122, 167, 136, 123, 141, 246, 115, 170, 138, 139, 148, 137, 184, 156, 180], [192, 154, 159, 168, 141, 154, 134, 150, 150, 161, 148, 133, 180, 228, 139, 161, 137, 186, 184, 240, 136, 118, 167, 136, 168, 120, 111, 122, 123, 224, 197, 141, 153, 149, 168, 176, 150, 70, 135, 211, 197, 128, 141, 160, 249, 132, 105, 302, 143, 194, 209, 128, 287, 166, 212, 172, 131, 226, 207, 114, 127, 237, 208, 163, 178, 146, 198, 135, 112, 174, 219, 171, 144, 249, 234], [143, 72, 140, 180, 208, 160, 174, 143, 113, 168, 65, 123, 187, 134, 136, 123, 172, 150, 123, 135, 158, 165, 135, 176, 141, 113, 243, 161, 145, 149, 177, 114, 140, 141, 112, 145, 157, 149, 153, 138, 127, 148, 162, 110, 215, 156, 127, 181, 154, 191, 243, 164, 175, 152, 154, 124, 123, 247, 210, 262, 143, 159, 164, 104, 161, 120, 215, 138, 115, 91, 138, 163, 106, 118, 141], [176, 132, 198, 142, 139, 143, 154, 142, 157, 134, 137, 123, 119, 116, 163, 95, 94, 132, 243, 233, 154, 155, 192, 133, 199, 227, 252, 192, 166, 186, 158, 146, 123, 154, 101, 115, 262, 191, 173, 168, 127, 107, 164, 209, 130, 155, 181, 118, 161, 156, 195, 204, 168, 179, 179, 143, 140, 162, 157, 132, 167, 136, 162, 116, 213, 165, 124, 133, 162, 186, 283, 176, 135, 231, 182], [101, 145, 218, 236, 155, 122, 180, 138, 225, 216, 160, 179, 110, 147, 136, 210, 127, 185, 205, 125, 147, 155, 119, 223, 242, 129, 127, 129, 120, 153, 111, 150, 82, 159, 162, 151, 188, 196, 225, 168, 86, 132, 205, 165, 231, 148, 139, 90, 128, 181, 193, 108, 176, 207, 247, 151, 89, 160, 141, 116, 147, 150, 126, 197, 315, 145, 162, 142, 223, 107, 163, 132, 156, 128, 178], [213, 136, 174, 179, 180, 173, 214, 155, 125, 110, 205, 181, 156, 171, 161, 126, 134, 199, 188, 88, 126, 156, 119, 193, 168, 146, 122, 251, 172, 147, 152, 149, 170, 119, 147, 176, 167, 184, 243, 174, 195, 263, 235, 187, 127, 113, 171, 163, 98, 104, 141, 140, 95, 124, 194, 185, 169, 181, 145, 185, 236, 165, 186, 108, 209, 189, 117, 185, 207, 187, 174, 109, 204, 193, 99], [101, 115, 105, 195, 124, 95, 168, 157, 269, 162, 108, 172, 184, 154, 187, 109, 211, 155, 163, 132, 104, 223, 259, 180, 142, 124, 119, 171, 158, 171, 174, 99, 144, 152, 153, 189, 215, 132, 204, 98, 158, 152, 164, 172, 157, 121, 140, 202, 145, 138, 225, 148, 127, 212, 140, 208, 144, 128, 175, 118, 156, 122, 137, 105, 173, 146, 141, 152, 125, 169, 170, 207, 175, 207, 106], [180, 252, 114, 178, 181, 170, 209, 179, 238, 163, 127, 141, 144, 149, 179, 215, 127, 206, 189, 163, 126, 206, 152, 250, 122, 132, 173, 171, 168, 130, 117, 223, 178, 85, 159, 189, 195, 193, 98, 134, 129, 111, 205, 175, 168, 156, 150, 104, 175, 216, 179, 124, 151, 126, 163, 148, 130, 156, 232, 159, 162, 114, 173, 170, 131, 114, 81, 183, 268, 154, 157, 248, 155, 117, 167], [186, 133, 108, 111, 165, 130, 307, 155, 158, 189, 116, 119, 146, 175, 218, 112, 214, 175, 174, 137, 110, 113, 151, 155, 152, 152, 156, 183, 190, 115, 205, 221, 116, 283, 128, 195, 141, 208, 166, 144, 152, 95, 140, 146, 125, 181, 215, 144, 144, 165, 206, 136, 171, 159, 116, 193, 116, 178, 230, 128, 138, 102, 94, 224, 197, 124, 168, 122, 182, 218, 158, 156, 127, 206, 131], [142, 131, 126, 243, 203, 146, 132, 100, 198, 151, 177, 179, 228, 121, 191, 107, 94, 255, 135, 133, 133, 228, 129, 154, 150, 153, 203, 154, 145, 132, 117, 176, 158, 291, 203, 139, 97, 74, 144, 132, 188, 247, 175, 159, 197, 121, 99, 183, 177, 142, 170, 140, 119, 125, 158, 159, 134, 185, 169, 127, 187, 259, 139, 234, 182, 120, 107, 170, 150, 129, 141, 127, 124, 163, 153], [139, 241, 188, 122, 140, 171, 161, 254, 150, 159, 142, 103, 141, 184, 254, 115, 126, 142, 129, 173, 171, 148, 171, 138, 141, 238, 173, 143, 119, 153, 112, 130, 141, 114, 230, 170, 132, 180, 113, 120, 191, 109, 133, 161, 83, 182, 328, 151, 198, 106, 143, 187, 130, 165, 182, 100, 182, 166, 100, 166, 265, 159, 184, 166, 101, 153, 159, 145, 168, 102, 149, 277, 134, 104, 128], [86, 209, 165, 156, 165, 230, 134, 142, 188, 258, 112, 71, 182, 139, 309, 87, 174, 120, 155, 148, 157, 146, 191, 116, 164, 83, 232, 225, 179, 176, 123, 225, 152, 176, 187, 179, 228, 121, 206, 148, 130, 103, 127, 124, 140, 111, 150, 180, 244, 132, 204, 130, 200, 261, 98, 122, 213, 155, 153, 132, 147, 256, 157, 203, 180, 126, 271, 157, 160, 163, 131, 154, 238, 151, 122], [156, 143, 121, 184, 147, 147, 162, 272, 179, 122, 189, 137, 111, 226, 261, 167, 121, 109, 170, 114, 104, 136, 122, 166, 172, 138, 183, 136, 144, 181, 208, 148, 188, 133, 132, 173, 154, 185, 107, 98, 156, 173, 178, 196, 149, 219, 184, 177, 129, 159, 109, 133, 205, 158, 212, 199, 194, 132, 91, 249, 130, 121, 127, 215, 124, 100, 184, 211, 155, 171, 200, 233, 171, 195, 142], [116, 164, 135, 94, 149, 152, 173, 175, 152, 116, 125, 105, 162, 182, 120, 166, 180, 142, 144, 255, 119, 133, 149, 166, 174, 156, 96, 190, 114, 157, 157, 170, 196, 183, 191, 140, 105, 154, 201, 120, 196, 135, 136, 107, 217, 148, 174, 149, 118, 188, 174, 138, 162, 145, 181, 177, 186, 117, 233, 146, 145, 166, 151, 148, 145, 169, 181, 140, 170, 107, 176, 128, 165, 153, 182], [131, 184, 231, 140, 135, 183, 171, 179, 330, 105, 137, 127, 224, 173, 153, 144, 174, 146, 114, 158, 89, 165, 132, 256, 196, 95, 157, 101, 138, 145, 148, 134, 146, 187, 153, 204, 199, 181, 163, 260, 154, 153, 98, 122, 135, 148, 144, 219, 155, 114, 167, 160, 157, 169, 207, 155, 127, 138, 148, 148, 224, 155, 112, 160, 201, 98, 179, 171, 221, 162, 205, 267, 161, 122, 128], [154, 144, 111, 223, 130, 149, 171, 118, 136, 154, 105, 164, 182, 134, 208, 178, 181, 133, 163, 109, 153, 169, 133, 168, 151, 167, 132, 113, 104, 205, 181, 145, 135, 107, 180, 153, 168, 279, 139, 108, 187, 128, 208, 109, 177, 129, 159, 155, 181, 113, 141, 121, 170, 147, 202, 189, 132, 175, 162, 178, 149, 125, 199, 189, 188, 135, 163, 167, 130, 145, 209, 151, 104, 306, 164], [169, 161, 194, 170, 233, 132, 147, 131, 174, 153, 164, 155, 216, 108, 133, 154, 205, 232, 156, 152, 118, 130, 175, 107, 142, 150, 203, 208, 110, 146, 177, 120, 132, 150, 193, 177, 226, 183, 115, 123, 255, 254, 107, 142, 106, 130, 218, 178, 138, 99, 171, 119, 172, 115, 99, 198, 154, 150, 125, 146, 233, 146, 211, 166, 122, 128, 161, 111, 185, 226, 168, 140, 105, 179, 193], [247, 211, 131, 186, 153, 200, 170, 151, 200, 145, 146, 165, 114, 86, 166, 236, 174, 128, 179, 128, 171, 151, 234, 188, 159, 108, 132, 111, 189, 120, 196, 159, 229, 175, 111, 113, 120, 154, 154, 99, 172, 136, 200, 127, 158, 115, 138, 155, 246, 116, 149, 112, 166, 124, 94, 157, 102, 145, 113, 125, 123, 134, 158, 252, 141, 134, 151, 109, 128, 167, 136, 187, 199, 156, 200], [169, 122, 180, 170, 163, 148, 109, 171, 156, 197, 136, 139, 129, 155, 141, 209, 129, 103, 171, 213, 141, 136, 130, 113, 179, 136, 127, 120, 135, 205, 131, 170, 188, 192, 174, 160, 170, 165, 180, 176, 182, 271, 152, 167, 206, 108, 160, 225, 167, 201, 105, 130, 153, 272, 142, 127, 111, 147, 160, 208, 193, 141, 215, 128, 181, 185, 128, 272, 192, 216, 139, 156, 149, 182, 175], [152, 112, 195, 125, 103, 99, 142, 271, 126, 252, 178, 208, 123, 116, 133, 165, 89, 212, 178, 184, 161, 193, 127, 196, 161, 127, 144, 179, 129, 166, 182, 209, 133, 194, 133, 114, 162, 167, 159, 112, 146, 198, 96, 149, 174, 208, 168, 117, 190, 157, 150, 180, 197, 87, 176, 111, 120, 129, 135, 136, 188, 104, 156, 190, 168, 196, 159, 141, 177, 108, 165, 151, 163, 122, 136], [121, 140, 161, 163, 85, 140, 154, 207, 137, 97, 83, 111, 157, 183, 108, 127, 161, 162, 155, 133, 168, 139, 130, 111, 255, 185, 142, 174, 187, 160, 212, 183, 220, 214, 135, 144, 200, 151, 153, 174, 111, 143, 179, 160, 121, 171, 153, 138, 182, 142, 110, 183, 125, 94, 136, 118, 169, 153, 158, 173, 191, 115, 218, 112, 157, 206, 140, 166, 164, 185, 155, 131, 95, 169, 131], [152, 124, 121, 130, 149, 102, 146, 137, 125, 169, 149, 115, 145, 90, 141, 169, 139, 114, 193, 107, 171, 173, 132, 161, 112, 159, 183, 166, 76, 196, 164, 145, 189, 271, 167, 191, 154, 192, 172, 131, 91, 225, 113, 156, 159, 115, 191, 171, 172, 98, 165, 156, 165, 229, 152, 145, 173, 170, 178, 193, 118, 206, 167, 118, 161, 216, 162, 167, 89, 194, 115, 137, 104, 127, 125], [106, 219, 119, 83, 92, 166, 110, 148, 158, 220, 136, 153, 173, 130, 136, 142, 148, 191, 115, 213, 209, 179, 135, 151, 142, 99, 147, 106, 158, 144, 124, 111, 123, 117, 137, 145, 138, 143, 108, 121, 154, 175, 151, 100, 123, 264, 164, 118, 138, 174, 113, 197, 114, 158, 195, 122, 211, 107, 152, 160, 216, 241, 138, 129, 157, 174, 222, 145, 140, 123, 162, 237, 98, 161, 120], [137, 122, 180, 121, 157, 219, 271, 151, 160, 179, 182, 131, 117, 135, 143, 109, 192, 104, 183, 167, 145, 157, 168, 163, 148, 148, 168, 198, 193, 175, 145, 225, 174, 173, 138, 245, 116, 213, 111, 120, 138, 147, 135, 154, 85, 95, 168, 175, 145, 126, 176, 171, 270, 196, 158, 149, 168, 225, 190, 127, 165, 220, 159, 184, 115, 235, 160, 178, 117, 145, 132, 122, 101, 124, 184], [137, 134, 200, 148, 180, 179, 176, 155, 220, 109, 125, 145, 136, 104, 145, 160, 140, 134, 160, 183, 174, 136, 191, 184, 149, 174, 169, 174, 121, 236, 144, 136, 122, 159, 167, 168, 207, 167, 143, 118, 156, 136, 141, 141, 205, 232, 155, 119, 146, 170, 174, 141, 148, 176, 132, 135, 104, 108, 186, 143, 150, 169, 182, 162, 267, 227, 130, 142, 175, 173, 120, 149, 219, 134, 109], [123, 143, 171, 144, 169, 179, 122, 198, 111, 134, 151, 176, 192, 159, 139, 132, 146, 156, 143, 135, 136, 155, 303, 156, 113, 229, 193, 164, 245, 231, 261, 99, 121, 135, 102, 198, 135, 96, 141, 200, 104, 116, 155, 100, 154, 119, 174, 160, 169, 168, 156, 128, 98, 214, 131, 99, 189, 219, 165, 107, 152, 198, 264, 125, 154, 137, 148, 174, 148, 184, 90, 168, 134, 171, 175], [217, 106, 163, 145, 113, 138, 128, 192, 188, 221, 163, 158, 118, 188, 140, 151, 128, 235, 111, 201, 153, 132, 122, 140, 128, 209, 163, 142, 159, 169, 181, 116, 97, 132, 194, 175, 131, 140, 148, 135, 206, 151, 159, 123, 121, 103, 167, 164, 176, 152, 128, 171, 217, 152, 155, 197, 154, 156, 202, 170, 156, 200, 92, 118, 102, 114, 163, 140, 143, 171, 173, 117, 187, 118, 308], [230, 148, 220, 195, 196, 127, 70, 214, 127, 110, 150, 124, 154, 140, 135, 213, 116, 164, 133, 129, 179, 157, 147, 112, 211, 167, 162, 164, 114, 266, 107, 116, 124, 141, 138, 168, 191, 106, 136, 117, 149, 208, 144, 108, 108, 188, 125, 151, 129, 231, 153, 134, 152, 191, 124, 118, 228, 159, 129, 100, 139, 142, 185, 146, 90, 210, 130, 91, 124, 141, 156, 101, 125, 135, 236], [170, 200, 156, 118, 215, 197, 169, 170, 133, 178, 177, 131, 223, 261, 145, 156, 135, 143, 137, 149, 248, 132, 97, 217, 188, 117, 195, 142, 131, 127, 116, 177, 141, 161, 100, 124, 130, 146, 135, 163, 125, 165, 120, 146, 117, 162, 105, 205, 75, 155, 152, 143, 161, 136, 220, 133, 180, 132, 132, 76, 107, 115, 256, 153, 170, 122, 191, 150, 267, 166, 141, 111, 132, 162, 104], [212, 143, 141, 112, 211, 179, 269, 134, 133, 125, 108, 125, 174, 164, 159, 171, 139, 97, 176, 141, 190, 154, 140, 135, 222, 139, 153, 164, 100, 243, 114, 145, 157, 185, 164, 161, 230, 133, 140, 168, 187, 189, 129, 160, 120, 80, 230, 158, 124, 141, 88, 177, 125, 190, 111, 128, 110, 168, 159, 172, 146, 141, 142, 121, 120, 281, 190, 168, 159, 106, 164, 135, 141, 177, 171], [211, 192, 139, 146, 131, 209, 142, 92, 105, 174, 149, 110, 292, 165, 120, 121, 149, 133, 292, 184, 245, 111, 206, 189, 167, 130, 174, 157, 231, 142, 100, 131, 154, 160, 179, 81, 158, 149, 206, 173, 124, 141, 165, 205, 150, 141, 182, 102, 151, 145, 191, 139, 134, 150, 139, 114, 108, 126, 161, 153, 131, 149, 201, 117, 128, 200, 162, 168, 170, 145, 146, 176, 230, 156, 144], [236, 117, 183, 123, 141, 239, 132, 115, 131, 165, 142, 123, 191, 140, 144, 107, 234, 106, 170, 181, 126, 187, 159, 237, 131, 215, 102, 152, 155, 90, 261, 141, 154, 128, 121, 178, 138, 192, 121, 185, 204, 160, 225, 156, 152, 168, 172, 126, 134, 145, 162, 128, 184, 144, 153, 123, 197, 134, 249, 162, 210, 169, 180, 241, 119, 210, 186, 157, 163, 124, 121, 163, 153, 177, 184], [143, 110, 234, 202, 116, 191, 168, 157, 149, 111, 110, 214, 236, 142, 120, 107, 186, 135, 208, 169, 215, 127, 195, 106, 132, 126, 282, 127, 173, 147, 200, 158, 168, 150, 154, 103, 152, 185, 174, 166, 154, 143, 116, 129, 233, 134, 164, 149, 186, 191, 168, 136, 154, 80, 198, 184, 226, 163, 175, 176, 114, 128, 126, 124, 161, 232, 170, 159, 204, 158, 143, 176, 130, 150, 173], [151, 249, 164, 211, 140, 167, 169, 115, 170, 96, 225, 159, 142, 201, 196, 156, 174, 183, 203, 209, 183, 164, 154, 136, 103, 206, 134, 143, 222, 148, 171, 160, 192, 178, 104, 161, 154, 236, 159, 144, 145, 219, 120, 140, 116, 132, 147, 134, 115, 165, 114, 132, 122, 159, 158, 194, 165, 119, 120, 157, 163, 169, 144, 135, 113, 142, 205, 284, 143, 181, 133, 142, 232, 121, 110], [130, 102, 192, 137, 112, 117, 188, 273, 170, 110, 106, 109, 146, 141, 208, 137, 188, 216, 187, 201, 161, 161, 171, 121, 101, 231, 114, 142, 170, 218, 138, 139, 131, 122, 198, 139, 116, 266, 156, 200, 191, 192, 147, 210, 105, 153, 137, 112, 173, 93, 146, 151, 127, 130, 130, 117, 138, 168, 235, 151, 202, 180, 168, 123, 172, 212, 151, 171, 210, 186, 155, 142, 159, 197, 130], [160, 91, 164, 181, 250, 155, 208, 149, 154, 182, 180, 132, 172, 133, 169, 149, 163, 174, 100, 126, 156, 146, 256, 130, 116, 172, 147, 134, 111, 142, 135, 204, 171, 210, 165, 153, 217, 163, 85, 129, 135, 194, 114, 235, 147, 217, 152, 182, 99, 127, 159, 175, 102, 140, 172, 147, 175, 146, 194, 114, 157, 119, 165, 171, 155, 172, 140, 106, 143, 142, 144, 196, 105, 122, 115], [137, 133, 108, 112, 191, 203, 152, 161, 146, 192, 136, 125, 188, 168, 159, 149, 162, 191, 89, 137, 133, 190, 146, 218, 134, 114, 132, 240, 145, 164, 188, 230, 166, 150, 140, 171, 136, 119, 130, 204, 125, 202, 162, 176, 102, 222, 231, 152, 129, 173, 245, 140, 136, 82, 149, 256, 192, 170, 130, 135, 179, 81, 113, 114, 96, 192, 182, 134, 193, 147, 194, 121, 106, 184, 191], [131, 165, 133, 182, 171, 124, 174, 133, 176, 199, 210, 164, 116, 119, 136, 173, 145, 174, 167, 198, 111, 148, 156, 128, 93, 205, 116, 187, 121, 112, 204, 111, 200, 125, 127, 174, 128, 140, 188, 181, 142, 205, 127, 257, 242, 146, 216, 160, 213, 154, 226, 202, 135, 86, 128, 185, 108, 197, 104, 231, 150, 110, 200, 159, 163, 168, 180, 133, 317, 158, 158, 169, 138, 136, 122], [182, 230, 145, 240, 226, 153, 185, 127, 158, 218, 116, 145, 177, 153, 150, 195, 227, 198, 158, 194, 85, 208, 153, 158, 102, 164, 121, 116, 135, 79, 139, 121, 208, 159, 166, 235, 233, 241, 130, 175, 126, 195, 116, 139, 155, 127, 197, 171, 147, 205, 110, 147, 100, 224, 174, 95, 120, 103, 143, 171, 167, 157, 177, 174, 99, 233, 247, 108, 137, 118, 145, 102, 197, 180, 268], [125, 176, 180, 145, 190, 143, 160, 131, 194, 201, 245, 164, 214, 209, 103, 170, 167, 144, 174, 286, 171, 97, 176, 73, 130, 129, 198, 193, 148, 128, 198, 126, 173, 129, 172, 131, 169, 176, 137, 178, 153, 169, 175, 189, 138, 268, 96, 122, 123, 234, 149, 241, 128, 153, 216, 215, 180, 260, 170, 115, 120, 154, 179, 189, 163, 121, 158, 176, 181, 123, 129, 154, 116, 110, 86], [137, 179, 187, 203, 110, 101, 156, 215, 94, 234, 138, 137, 194, 158, 220, 118, 130, 156, 203, 140, 201, 152, 164, 146, 144, 136, 155, 133, 178, 333, 254, 158, 149, 157, 137, 161, 231, 176, 153, 182, 152, 268, 144, 94, 156, 173, 110, 97, 113, 100, 177, 95, 145, 123, 159, 156, 131, 219, 112, 171, 144, 132, 118, 132, 162, 142, 118, 209, 141, 145, 132, 202, 144, 163, 223], [143, 146, 198, 189, 195, 214, 213, 139, 156, 118, 147, 189, 126, 156, 136, 129, 150, 128, 154, 162, 166, 192, 137, 155, 309, 140, 268, 183, 191, 200, 118, 211, 157, 180, 196, 186, 161, 286, 206, 147, 150, 176, 142, 137, 205, 146, 197, 166, 147, 175, 136, 220, 133, 130, 103, 104, 276, 147, 181, 113, 123, 138, 159, 141, 135, 165, 142, 236, 148, 192, 124, 144, 164, 256, 110], [149, 184, 146, 178, 149, 103, 164, 142, 136, 283, 214, 131, 187, 216, 146, 143, 166, 120, 125, 147, 82, 165, 291, 203, 209, 160, 165, 130, 114, 176, 154, 113, 183, 130, 175, 159, 136, 208, 110, 173, 127, 222, 165, 225, 238, 146, 168, 185, 139, 141, 155, 154, 154, 171, 132, 223, 152, 208, 180, 194, 159, 155, 156, 211, 115, 93, 189, 182, 158, 213, 171, 146, 152, 109, 157], [85, 85, 144, 166, 209, 179, 119, 135, 265, 157, 149, 200, 134, 141, 165, 111, 107, 201, 97, 181, 197, 179, 152, 121, 146, 117, 159, 148, 122, 147, 206, 120, 130, 152, 140, 159, 78, 133, 225, 86, 152, 91, 127, 124, 129, 182, 175, 116, 192, 162, 213, 132, 110, 219, 190, 115, 148, 139, 174, 164, 211, 162, 127, 160, 229, 152, 163, 141, 94, 123, 177, 237, 184, 301, 159], [176, 230, 122, 114, 142, 136, 112, 208, 253, 174, 171, 183, 161, 267, 141, 180, 120, 95, 150, 133, 161, 203, 160, 234, 164, 135, 112, 180, 132, 198, 196, 135, 100, 185, 170, 137, 173, 153, 129, 162, 211, 104, 103, 227, 145, 115, 134, 81, 107, 161, 163, 147, 137, 131, 196, 330, 105, 121, 188, 157, 104, 153, 182, 137, 152, 115, 180, 322, 226, 155, 155, 175, 160, 178, 151], [184, 194, 128, 149, 130, 223, 127, 109, 152, 105, 158, 208, 97, 167, 174, 143, 135, 178, 160, 123, 230, 115, 129, 148, 106, 123, 248, 149, 184, 99, 115, 135, 153, 193, 135, 270, 95, 143, 177, 177, 122, 171, 159, 123, 182, 178, 124, 196, 216, 126, 164, 162, 177, 142, 163, 215, 93, 267, 220, 172, 116, 286, 107, 113, 170, 156, 154, 103, 191, 192, 107, 159, 153, 123, 185], [167, 186, 142, 147, 137, 133, 197, 156, 152, 272, 293, 212, 117, 165, 110, 161, 211, 174, 161, 214, 126, 159, 139, 177, 124, 155, 165, 127, 159, 167, 138, 190, 140, 83, 153, 110, 146, 80, 140, 131, 132, 211, 116, 178, 139, 140, 178, 99, 127, 195, 208, 187, 151, 243, 83, 169, 164, 139, 129, 139, 239, 151, 140, 175, 177, 155, 138, 183, 152, 152, 183, 133, 173, 152, 188], [172, 93, 164, 213, 336, 135, 179, 146, 143, 180, 118, 153, 182, 136, 77, 96, 194, 110, 152, 187, 120, 183, 125, 166, 148, 194, 133, 168, 121, 129, 164, 201, 149, 169, 131, 171, 128, 208, 285, 163, 123, 150, 130, 251, 124, 133, 166, 176, 184, 169, 124, 110, 219, 155, 201, 171, 124, 180, 156, 111, 137, 111, 125, 131, 87, 130, 102, 190, 127, 152, 134, 141, 95, 142, 152], [151, 99, 133, 220, 189, 167, 141, 188, 166, 175, 135, 103, 164, 188, 143, 119, 187, 138, 172, 152, 230, 101, 211, 147, 141, 131, 145, 100, 177, 192, 236, 279, 86, 203, 147, 145, 144, 224, 133, 132, 125, 124, 207, 166, 174, 130, 223, 161, 163, 288, 164, 162, 208, 128, 201, 166, 136, 221, 123, 261, 158, 95, 152, 144, 102, 98, 175, 163, 209, 142, 111, 179, 174, 174, 230], [98, 171, 129, 154, 170, 198, 199, 171, 130, 117, 157, 172, 184, 217, 169, 148, 227, 147, 216, 131, 201, 106, 178, 247, 155, 180, 194, 102, 134, 129, 128, 135, 229, 135, 99, 142, 168, 173, 88, 192, 187, 177, 147, 147, 113, 172, 141, 199, 185, 100, 148, 179, 145, 121, 169, 177, 240, 209, 149, 186, 179, 204, 145, 139, 146, 149, 122, 157, 188, 170, 117, 176, 128, 148, 182], [174, 121, 136, 132, 187, 156, 224, 138, 148, 123, 107, 237, 204, 138, 184, 162, 127, 111, 216, 249, 155, 168, 135, 174, 225, 183, 124, 189, 103, 100, 221, 114, 130, 113, 137, 140, 164, 151, 199, 128, 102, 141, 148, 109, 182, 175, 144, 117, 144, 168, 200, 143, 167, 216, 173, 204, 71, 113, 133, 241, 169, 151, 193, 122, 164, 167, 214, 157, 161, 138, 177, 176, 149, 147, 188], [146, 146, 171, 175, 131, 154, 188, 149, 97, 199, 105, 137, 185, 171, 180, 245, 175, 204, 167, 167, 200, 198, 141, 129, 166, 142, 278, 128, 107, 103, 171, 102, 120, 119, 167, 99, 194, 155, 176, 135, 168, 178, 162, 109, 185, 116, 142, 98, 102, 132, 132, 227, 123, 230, 230, 96, 102, 171, 130, 181, 140, 130, 117, 163, 124, 137, 148, 189, 98, 108, 153, 165, 109, 223, 168], [160, 149, 199, 201, 263, 163, 182, 149, 136, 120, 144, 134, 122, 97, 133, 208, 192, 116, 240, 142, 227, 156, 149, 117, 107, 179, 158, 173, 235, 165, 213, 151, 239, 154, 115, 151, 99, 170, 213, 132, 147, 206, 168, 121, 207, 126, 215, 126, 136, 171, 177, 163, 131, 202, 145, 157, 109, 170, 122, 175, 215, 110, 123, 167, 188, 117, 222, 145, 148, 202, 162, 102, 123, 167, 106], [238, 179, 212, 122, 126, 161, 90, 184, 155, 106, 132, 138, 315, 257, 173, 184, 147, 60, 166, 175, 149, 134, 166, 179, 148, 175, 188, 187, 170, 118, 88, 195, 272, 164, 163, 192, 201, 145, 141, 157, 133, 137, 160, 112, 147, 141, 167, 187, 127, 162, 117, 165, 243, 115, 170, 314, 100, 121, 219, 108, 170, 149, 139, 189, 167, 153, 143, 229, 135, 173, 145, 138, 210, 184, 178], [192, 173, 226, 153, 161, 137, 194, 188, 125, 289, 131, 174, 145, 133, 120, 154, 126, 186, 119, 113, 168, 167, 231, 259, 94, 199, 170, 152, 135, 129, 151, 163, 155, 156, 168, 200, 142, 115, 134, 195, 140, 183, 163, 190, 239, 223, 111, 205, 190, 149, 158, 152, 208, 166, 255, 173, 144, 144, 148, 186, 85, 122, 117, 175, 135, 110, 124, 150, 178, 300, 102, 182, 171, 97, 125], [148, 115, 92, 93, 151, 106, 147, 135, 100, 162, 144, 125, 97, 205, 166, 126, 142, 149, 158, 210, 213, 188, 103, 199, 175, 161, 156, 134, 123, 123, 220, 145, 125, 127, 138, 135, 128, 173, 150, 158, 147, 122, 161, 115, 118, 123, 153, 112, 109, 187, 126, 147, 146, 157, 152, 169, 182, 95, 177, 174, 147, 278, 122, 127, 193, 171, 151, 153, 133, 192, 129, 184, 112, 148, 144], [133, 167, 116, 155, 148, 216, 101, 164, 161, 168, 168, 178, 219, 109, 258, 170, 183, 163, 110, 196, 177, 184, 112, 178, 211, 180, 197, 121, 138, 161, 110, 112, 193, 109, 178, 239, 171, 200, 181, 98, 219, 113, 205, 188, 125, 132, 114, 112, 178, 175, 226, 194, 188, 81, 166, 217, 196, 212, 108, 160, 126, 110, 180, 189, 168, 203, 126, 110, 118, 163, 174, 180, 230, 200, 192], [103, 142, 187, 175, 185, 118, 206, 96, 169, 168, 156, 136, 121, 207, 254, 144, 183, 168, 179, 199, 170, 211, 166, 91, 140, 150, 189, 183, 160, 92, 135, 185, 124, 172, 121, 174, 144, 155, 225, 152, 199, 144, 113, 125, 147, 120, 161, 156, 168, 141, 177, 129, 163, 175, 216, 258, 149, 171, 177, 258, 123, 161, 214, 139, 123, 89, 126, 149, 160, 163, 118, 138, 137, 199, 191], [118, 168, 138, 164, 150, 164, 123, 185, 111, 160, 355, 222, 124, 132, 163, 93, 141, 101, 165, 146, 153, 209, 150, 202, 135, 174, 147, 154, 137, 172, 140, 173, 248, 118, 186, 183, 102, 183, 161, 202, 125, 287, 178, 167, 173, 151, 171, 185, 129, 179, 200, 146, 150, 147, 222, 213, 150, 217, 157, 116, 194, 220, 164, 102, 104, 149, 194, 171, 160, 181, 142, 189, 140, 128, 186], [152, 127, 131, 164, 114, 164, 232, 93, 155, 206, 223, 109, 144, 124, 162, 148, 142, 137, 124, 151, 139, 127, 138, 172, 121, 194, 197, 142, 142, 142, 172, 168, 143, 152, 146, 138, 186, 134, 124, 170, 132, 184, 183, 124, 212, 153, 161, 163, 139, 190, 140, 147, 169, 131, 155, 163, 157, 136, 179, 134, 133, 132, 169, 179, 90, 150, 176, 143, 151, 123, 187, 105, 159, 132, 124], [239, 191, 140, 155, 165, 267, 185, 139, 187, 122, 102, 160, 195, 105, 107, 186, 92, 175, 138, 119, 137, 164, 180, 135, 139, 135, 126, 205, 119, 150, 88, 205, 122, 147, 211, 175, 107, 212, 203, 173, 140, 147, 106, 249, 113, 216, 112, 114, 166, 181, 98, 155, 142, 128, 133, 196, 151, 188, 172, 114, 200, 152, 86, 153, 183, 106, 209, 205, 148, 119, 128, 74, 121, 145, 166], [152, 167, 157, 197, 144, 157, 154, 169, 206, 122, 116, 114, 160, 93, 186, 141, 109, 159, 114, 85, 286, 149, 128, 143, 113, 240, 122, 151, 194, 136, 140, 184, 159, 99, 152, 165, 111, 277, 158, 148, 125, 111, 192, 136, 208, 101, 148, 149, 226, 115, 140, 156, 139, 120, 126, 206, 186, 147, 113, 141, 179, 195, 130, 227, 86, 192, 155, 153, 160, 196, 151, 224, 168, 137, 205], [140, 133, 184, 226, 120, 252, 131, 117, 163, 184, 196, 177, 203, 171, 171, 135, 161, 189, 199, 126, 168, 207, 160, 191, 216, 189, 145, 186, 221, 178, 169, 207, 144, 156, 177, 145, 119, 177, 146, 122, 172, 158, 187, 150, 191, 206, 157, 182, 252, 161, 175, 122, 211, 132, 94, 175, 181, 171, 197, 152, 189, 92, 137, 138, 103, 213, 127, 191, 198, 146, 128, 210, 119, 217, 263], [143, 174, 217, 148, 193, 169, 120, 150, 143, 141, 143, 199, 93, 163, 226, 215, 162, 209, 160, 88, 140, 124, 161, 202, 144, 116, 267, 152, 134, 171, 136, 191, 131, 166, 150, 163, 149, 112, 246, 148, 156, 137, 195, 138, 116, 110, 128, 169, 134, 184, 208, 234, 142, 156, 104, 197, 178, 149, 143, 115, 163, 181, 201, 145, 102, 145, 143, 133, 118, 118, 216, 131, 249, 157, 126], [112, 180, 192, 197, 130, 163, 197, 141, 148, 149, 210, 167, 114, 142, 100, 159, 177, 116, 129, 153, 145, 182, 175, 236, 147, 163, 168, 151, 158, 99, 155, 130, 107, 181, 130, 324, 146, 141, 133, 121, 166, 198, 145, 126, 189, 198, 98, 190, 179, 165, 102, 155, 245, 192, 166, 184, 136, 136, 149, 169, 142, 146, 182, 157, 138, 179, 88, 201, 143, 154, 155, 187, 148, 131, 157], [158, 184, 101, 141, 185, 127, 113, 115, 137, 151, 187, 186, 218, 239, 211, 206, 258, 169, 183, 242, 203, 122, 202, 104, 138, 175, 116, 138, 202, 212, 144, 131, 146, 138, 165, 114, 92, 160, 153, 147, 133, 108, 130, 131, 138, 112, 193, 197, 225, 143, 159, 175, 146, 222, 217, 203, 204, 162, 95, 221, 157, 174, 141, 94, 92, 138, 197, 148, 146, 109, 161, 159, 184, 174, 170], [173, 192, 133, 188, 138, 202, 147, 154, 165, 206, 164, 208, 147, 131, 200, 162, 139, 218, 143, 166, 154, 166, 150, 291, 145, 130, 205, 146, 144, 111, 162, 137, 166, 189, 160, 139, 183, 173, 161, 155, 149, 152, 158, 158, 193, 147, 95, 182, 173, 145, 112, 148, 157, 145, 184, 156, 163, 112, 139, 124, 93, 185, 173, 185, 136, 149, 229, 123, 134, 180, 240, 130, 110, 137, 153], [136, 190, 125, 123, 116, 158, 151, 206, 99, 136, 190, 252, 186, 139, 265, 174, 128, 170, 135, 129, 211, 161, 130, 111, 141, 128, 172, 149, 272, 188, 220, 126, 85, 131, 151, 144, 155, 230, 178, 139, 177, 230, 84, 197, 123, 165, 125, 95, 154, 144, 146, 144, 114, 147, 213, 234, 167, 175, 147, 188, 173, 105, 165, 165, 127, 219, 158, 118, 150, 188, 188, 186, 189, 140, 200], [222, 196, 144, 151, 125, 126, 163, 169, 186, 131, 162, 144, 142, 163, 178, 221, 161, 201, 102, 148, 138, 175, 62, 189, 163, 125, 151, 121, 194, 140, 120, 199, 129, 153, 135, 128, 117, 220, 177, 197, 122, 130, 179, 119, 152, 170, 138, 166, 95, 157, 123, 176, 145, 110, 150, 70, 103, 212, 163, 112, 157, 143, 195, 143, 177, 136, 159, 159, 161, 189, 131, 246, 99, 123, 158], [122, 161, 145, 160, 151, 157, 129, 215, 186, 121, 154, 150, 153, 138, 163, 282, 104, 128, 132, 200, 135, 121, 201, 119, 165, 217, 134, 212, 158, 191, 155, 165, 150, 135, 173, 127, 157, 138, 167, 175, 203, 131, 154, 224, 185, 135, 129, 164, 166, 160, 171, 157, 160, 246, 128, 106, 163, 242, 135, 178, 99, 103, 224, 122, 160, 219, 214, 181, 115, 130, 139, 169, 151, 167, 112], [175, 173, 205, 237, 179, 188, 145, 148, 161, 225, 200, 136, 214, 107, 169, 152, 125, 141, 155, 146, 108, 160, 121, 133, 98, 180, 166, 144, 207, 103, 118, 166, 90, 208, 207, 161, 129, 128, 171, 227, 119, 169, 116, 195, 116, 166, 179, 145, 134, 281, 142, 191, 103, 131, 220, 240, 114, 108, 225, 134, 212, 156, 164, 177, 163, 91, 116, 172, 159, 120, 109, 134, 188, 164, 152], [203, 193, 187, 161, 186, 201, 209, 159, 123, 132, 191, 128, 180, 121, 160, 237, 257, 166, 145, 184, 197, 149, 171, 161, 130, 126, 126, 304, 129, 121, 164, 125, 121, 187, 99, 142, 145, 199, 199, 157, 248, 142, 209, 148, 151, 227, 129, 153, 151, 226, 135, 107, 134, 106, 134, 216, 162, 159, 184, 156, 135, 156, 217, 169, 187, 134, 139, 175, 278, 123, 147, 125, 175, 204, 114], [114, 157, 110, 152, 164, 172, 128, 116, 149, 155, 148, 209, 171, 126, 196, 139, 186, 191, 256, 180, 211, 120, 150, 186, 118, 109, 130, 160, 69, 129, 133, 161, 210, 163, 159, 93, 116, 185, 161, 121, 189, 161, 156, 117, 143, 105, 104, 206, 181, 128, 184, 107, 185, 267, 128, 128, 155, 253, 145, 158, 147, 116, 155, 300, 167, 169, 141, 134, 197, 197, 200, 186, 138, 185, 101], [119, 156, 217, 181, 171, 137, 112, 139, 206, 126, 131, 217, 187, 135, 143, 137, 131, 188, 106, 198, 130, 139, 184, 163, 143, 144, 193, 116, 183, 275, 238, 140, 191, 186, 96, 132, 156, 166, 128, 153, 206, 235, 156, 152, 176, 172, 231, 154, 137, 135, 190, 147, 194, 94, 126, 163, 170, 117, 137, 163, 152, 152, 142, 159, 128, 161, 241, 145, 163, 211, 126, 246, 154, 165, 147], [181, 152, 127, 185, 165, 134, 140, 122, 91, 174, 102, 109, 192, 159, 72, 186, 150, 187, 180, 150, 159, 155, 258, 186, 237, 160, 112, 172, 183, 204, 165, 177, 136, 142, 201, 126, 231, 142, 110, 187, 215, 154, 172, 135, 257, 144, 143, 131, 199, 136, 191, 154, 187, 193, 186, 169, 160, 159, 144, 192, 184, 150, 178, 156, 135, 132, 121, 217, 143, 168, 139, 102, 174, 74, 165], [199, 153, 129, 196, 142, 93, 163, 146, 119, 285, 146, 163, 103, 144, 161, 161, 185, 206, 155, 95, 162, 117, 134, 171, 136, 198, 185, 207, 167, 163, 144, 143, 152, 206, 161, 215, 177, 140, 143, 176, 142, 148, 127, 205, 186, 191, 255, 132, 112, 142, 139, 176, 101, 110, 129, 160, 117, 165, 135, 152, 175, 137, 187, 192, 179, 200, 92, 169, 136, 119, 196, 145, 147, 101, 165], [229, 150, 135, 141, 137, 173, 191, 155, 136, 118, 156, 103, 201, 123, 194, 181, 196, 160, 155, 197, 218, 149, 119, 163, 152, 210, 259, 195, 118, 244, 176, 112, 101, 181, 156, 149, 185, 322, 139, 116, 237, 202, 178, 122, 138, 287, 147, 122, 270, 216, 162, 194, 164, 217, 193, 138, 118, 150, 161, 169, 132, 207, 154, 146, 156, 126, 146, 140, 137, 132, 174, 231, 158, 193, 245], [202, 162, 128, 155, 154, 135, 122, 194, 159, 161, 123, 195, 144, 217, 138, 162, 125, 125, 204, 157, 168, 164, 205, 114, 172, 150, 118, 115, 165, 216, 182, 141, 165, 135, 134, 148, 122, 123, 207, 215, 140, 165, 210, 182, 116, 210, 130, 193, 137, 121, 113, 171, 133, 153, 145, 116, 304, 121, 215, 171, 130, 229, 109, 154, 216, 162, 137, 128, 141, 125, 116, 165, 111, 206, 154], [164, 138, 205, 150, 141, 124, 111, 183, 123, 143, 131, 117, 129, 201, 173, 175, 137, 102, 178, 150, 160, 178, 141, 170, 151, 158, 121, 143, 130, 127, 171, 163, 96, 245, 132, 161, 148, 149, 147, 120, 119, 160, 168, 108, 118, 216, 241, 149, 159, 136, 169, 196, 171, 163, 172, 202, 132, 115, 174, 163, 123, 156, 169, 123, 126, 194, 135, 161, 285, 124, 98, 168, 188, 151, 145], [119, 181, 93, 209, 121, 131, 229, 160, 223, 87, 164, 159, 116, 90, 179, 149, 121, 215, 129, 144, 146, 204, 149, 131, 228, 163, 179, 188, 136, 122, 169, 126, 151, 206, 146, 161, 108, 205, 145, 161, 239, 182, 149, 218, 116, 152, 150, 134, 281, 169, 129, 91, 122, 152, 112, 170, 119, 233, 149, 195, 136, 136, 163, 133, 123, 139, 120, 157, 135, 135, 190, 133, 148, 174, 163], [250, 170, 127, 146, 169, 146, 142, 157, 136, 136, 145, 106, 216, 162, 173, 252, 175, 213, 120, 196, 199, 148, 148, 147, 112, 159, 198, 127, 141, 228, 172, 170, 122, 242, 153, 140, 211, 161, 120, 220, 234, 111, 181, 124, 71, 108, 120, 132, 71, 137, 132, 79, 127, 128, 176, 148, 192, 116, 136, 141, 129, 123, 155, 132, 180, 174, 125, 127, 167, 102, 198, 162, 112, 159, 187], [168, 107, 212, 138, 189, 165, 207, 172, 224, 122, 136, 223, 159, 138, 188, 91, 178, 121, 131, 81, 121, 168, 182, 143, 107, 181, 122, 291, 177, 90, 78, 144, 196, 105, 183, 143, 140, 171, 153, 150, 168, 122, 102, 174, 110, 161, 144, 153, 153, 193, 156, 116, 205, 141, 112, 156, 171, 236, 190, 95, 179, 123, 99, 148, 144, 195, 154, 172, 161, 134, 155, 218, 110, 108, 199], [178, 202, 188, 152, 157, 220, 104, 127, 127, 142, 163, 127, 115, 193, 99, 140, 166, 162, 161, 164, 131, 186, 247, 171, 116, 111, 112, 184, 173, 154, 212, 136, 134, 152, 156, 256, 189, 170, 208, 162, 134, 123, 180, 127, 152, 136, 150, 156, 172, 152, 218, 143, 193, 138, 146, 151, 137, 192, 182, 172, 136, 121, 174, 139, 174, 146, 119, 139, 127, 125, 154, 174, 156, 156, 169], [192, 145, 155, 207, 177, 178, 140, 146, 256, 162, 215, 112, 144, 145, 124, 178, 237, 152, 88, 174, 121, 122, 155, 187, 200, 165, 170, 133, 135, 155, 198, 214, 165, 149, 140, 130, 102, 132, 132, 133, 134, 263, 165, 128, 167, 185, 80, 205, 129, 190, 138, 147, 158, 180, 169, 112, 116, 86, 329, 97, 154, 147, 112, 211, 129, 145, 183, 139, 122, 139, 152, 159, 214, 159, 231], [191, 214, 180, 136, 187, 103, 121, 190, 144, 149, 155, 198, 161, 142, 186, 185, 100, 118, 172, 174, 213, 203, 124, 185, 155, 205, 167, 118, 137, 245, 200, 180, 115, 112, 122, 144, 149, 250, 131, 166, 215, 191, 174, 157, 224, 264, 147, 282, 356, 168, 184, 152, 109, 154, 170, 192, 170, 178, 126, 158, 184, 187, 161, 158, 182, 83, 226, 152, 119, 117, 132, 118, 185, 171, 111], [106, 256, 126, 137, 138, 139, 172, 153, 131, 219, 215, 155, 212, 141, 214, 127, 109, 192, 114, 132, 139, 130, 221, 109, 119, 154, 121, 162, 154, 163, 179, 92, 165, 136, 134, 216, 149, 117, 138, 149, 151, 139, 140, 173, 107, 172, 206, 177, 225, 128, 186, 134, 179, 119, 104, 131, 100, 151, 161, 180, 190, 152, 176, 176, 241, 126, 126, 168, 143, 222, 181, 104, 185, 139, 176], [105, 201, 197, 137, 112, 166, 206, 217, 169, 148, 184, 167, 126, 254, 148, 172, 167, 124, 186, 143, 100, 191, 196, 201, 143, 148, 158, 144, 233, 100, 170, 150, 154, 207, 96, 133, 252, 145, 243, 155, 173, 185, 150, 129, 167, 144, 154, 136, 147, 143, 205, 142, 136, 163, 137, 149, 121, 137, 191, 153, 219, 288, 90, 199, 258, 197, 130, 126, 179, 211, 133, 190, 142, 243, 156], [144, 175, 155, 154, 236, 107, 189, 128, 191, 180, 208, 184, 175, 134, 135, 134, 193, 217, 148, 185, 173, 157, 116, 192, 153, 208, 198, 123, 129, 88, 224, 152, 168, 118, 181, 147, 140, 130, 136, 151, 161, 216, 237, 168, 133, 137, 153, 170, 158, 134, 147, 190, 219, 190, 171, 155, 151, 132, 170, 169, 193, 162, 133, 160, 220, 153, 161, 129, 133, 131, 164, 188, 154, 177, 150], [161, 174, 132, 127, 167, 117, 203, 120, 135, 192, 254, 96, 89, 156, 101, 230, 260, 107, 107, 179, 226, 179, 163, 137, 162, 196, 146, 192, 244, 164, 192, 202, 121, 173, 176, 170, 130, 172, 177, 118, 109, 172, 124, 114, 278, 104, 104, 140, 121, 117, 136, 258, 118, 116, 139, 232, 160, 149, 128, 118, 121, 134, 234, 148, 241, 139, 175, 203, 96, 140, 99, 160, 143, 101, 186]]