3
2
75
5
500
[[480, 465, 465], [435, 480, 480]]
[92, 105, 70, 67, 92, 100, 75, 88, 89, 84, 90, 65, 113, 75, 62, 114, 98, 83, 79, 85, 107, 104, 70, 84, 93, 85, 106, 78, 116, 67, 78, 87, 67, 69, 83, 87, 66, 60, 102, 62, 88, 66, 97, 106, 91, 104, 77, 89, 108, 120, 69, 109, 81, 86, 88, 116, 104, 117, 75, 115, 69, 95, 112, 75, 79, 69, 106, 102, 63, 108, 89, 79, 105, 108, 119]
[[5083, 4354, 4008], [5558, 5701, 4526]]
[[1836, 2125, 1553], [2017, 2299, 1879]]
[2, 5, 1, 4, 1, 5, 5, 3, 5, 2, 1, 4, 1, 5, 1, 1, 4, 3, 1, 5, 2, 5, 1, 2, 4, 5, 1, 2, 1, 2, 4, 1, 2, 4, 3, 5, 5, 1, 2, 2, 3, 1, 1, 1, 5, 3, 1, 2, 3, 3, 5, 4, 1, 1, 1, 5, 5, 1, 5, 2, 2, 3, 5, 3, 2, 1, 5, 4, 5, 3, 1, 5, 1, 2, 5]
[[149, 185, 262, 159, 99, 122, 123, 169, 153, 102, 86, 115, 189, 175, 132, 157, 139, 113, 99, 137, 134, 104, 161, 176, 196, 165, 172, 222, 212, 134, 197, 140, 110, 254, 192, 200, 103, 164, 114, 239, 156, 153, 121, 181, 150, 122, 243, 209, 134, 165, 152, 216, 110, 193, 198, 216, 119, 112, 165, 253, 314, 109, 161, 160, 223, 184, 143, 164, 195, 187, 146, 121, 156, 164, 166], [254, 157, 156, 189, 119, 178, 134, 137, 168, 171, 119, 126, 178, 201, 160, 120, 181, 172, 237, 120, 173, 167, 203, 134, 133, 167, 130, 120, 144, 123, 115, 166, 146, 151, 195, 122, 145, 154, 173, 196, 183, 107, 112, 142, 213, 217, 137, 100, 278, 137, 128, 82, 163, 151, 210, 163, 112, 210, 88, 217, 120, 156, 135, 160, 183, 149, 143, 137, 225, 125, 137, 159, 261, 165, 188], [88, 165, 188, 188, 188, 179, 128, 121, 146, 173, 198, 168, 144, 130, 205, 129, 267, 131, 108, 198, 141, 128, 169, 157, 107, 128, 133, 124, 261, 112, 182, 124, 183, 152, 228, 118, 152, 194, 154, 169, 135, 127, 162, 93, 166, 155, 304, 184, 166, 166, 162, 138, 185, 160, 130, 160, 124, 163, 136, 138, 128, 147, 117, 106, 260, 131, 141, 193, 181, 202, 220, 175, 158, 101, 101], [223, 122, 163, 164, 188, 178, 194, 116, 141, 175, 186, 167, 134, 110, 136, 135, 184, 162, 94, 89, 166, 178, 159, 153, 140, 162, 159, 111, 80, 155, 130, 181, 152, 122, 255, 167, 114, 130, 152, 94, 266, 165, 142, 124, 227, 174, 211, 203, 115, 204, 154, 169, 161, 138, 165, 122, 125, 115, 142, 106, 129, 208, 140, 136, 173, 106, 151, 138, 133, 168, 186, 107, 159, 107, 168], [254, 186, 132, 195, 175, 140, 189, 145, 131, 199, 185, 139, 213, 124, 113, 159, 196, 124, 151, 246, 150, 112, 235, 160, 155, 148, 277, 113, 156, 156, 166, 165, 158, 175, 167, 167, 145, 135, 242, 89, 234, 91, 192, 159, 107, 166, 118, 173, 99, 140, 182, 144, 149, 260, 107, 240, 152, 208, 161, 208, 100, 176, 195, 149, 132, 152, 132, 154, 142, 161, 209, 213, 207, 149, 124], [173, 159, 140, 126, 115, 187, 213, 152, 168, 118, 133, 162, 187, 143, 135, 156, 146, 168, 161, 182, 122, 115, 218, 143, 143, 87, 169, 99, 192, 201, 167, 122, 146, 161, 130, 155, 203, 229, 151, 149, 146, 147, 213, 122, 112, 157, 160, 134, 128, 152, 203, 146, 243, 221, 97, 223, 151, 236, 228, 115, 228, 90, 223, 134, 153, 168, 88, 145, 137, 197, 87, 103, 106, 139, 101], [128, 159, 84, 209, 146, 101, 161, 106, 157, 170, 97, 157, 157, 169, 123, 159, 200, 146, 155, 143, 254, 117, 176, 169, 133, 86, 100, 129, 184, 163, 218, 105, 199, 155, 145, 223, 143, 126, 123, 146, 97, 182, 154, 216, 182, 251, 122, 97, 89, 129, 253, 188, 236, 155, 139, 141, 119, 187, 111, 119, 150, 105, 101, 255, 190, 194, 129, 187, 174, 150, 140, 132, 188, 152, 217], [137, 144, 174, 152, 139, 128, 118, 94, 122, 162, 169, 187, 131, 168, 164, 109, 164, 110, 121, 159, 136, 220, 161, 127, 134, 120, 142, 156, 180, 175, 133, 117, 139, 164, 88, 133, 117, 206, 121, 110, 143, 193, 176, 152, 123, 187, 169, 146, 120, 211, 153, 118, 143, 201, 158, 194, 189, 178, 162, 232, 210, 132, 221, 207, 145, 126, 137, 122, 99, 170, 261, 164, 147, 187, 147], [157, 193, 169, 120, 209, 115, 158, 127, 96, 150, 169, 224, 176, 106, 150, 147, 146, 106, 110, 168, 93, 195, 212, 143, 133, 123, 135, 102, 144, 160, 124, 99, 109, 229, 165, 104, 187, 183, 165, 147, 185, 174, 200, 184, 149, 223, 118, 155, 194, 162, 114, 122, 130, 161, 134, 99, 125, 191, 195, 182, 176, 139, 160, 237, 133, 119, 231, 134, 175, 218, 164, 132, 145, 111, 190], [123, 158, 128, 142, 112, 123, 166, 144, 147, 215, 190, 172, 119, 156, 224, 147, 159, 160, 205, 113, 165, 112, 139, 155, 164, 186, 266, 184, 108, 232, 159, 141, 129, 162, 176, 112, 126, 106, 225, 156, 221, 107, 119, 171, 89, 187, 199, 117, 131, 120, 284, 80, 136, 144, 161, 150, 130, 166, 144, 128, 129, 139, 166, 91, 212, 169, 159, 176, 250, 206, 138, 200, 245, 138, 115], [191, 177, 115, 156, 170, 245, 154, 214, 172, 196, 115, 106, 201, 131, 210, 141, 222, 147, 181, 155, 220, 231, 229, 180, 160, 117, 140, 163, 162, 123, 94, 166, 162, 153, 162, 212, 119, 179, 88, 110, 197, 118, 130, 137, 89, 191, 143, 213, 174, 134, 108, 132, 151, 216, 191, 171, 201, 148, 130, 151, 119, 141, 152, 139, 145, 149, 190, 156, 153, 115, 162, 179, 204, 103, 118], [120, 143, 146, 172, 116, 136, 167, 304, 148, 185, 127, 164, 149, 156, 164, 162, 141, 156, 179, 82, 160, 225, 145, 220, 161, 180, 207, 140, 115, 167, 139, 155, 153, 77, 187, 183, 185, 143, 174, 142, 196, 160, 229, 170, 93, 156, 193, 164, 188, 195, 146, 225, 126, 136, 177, 116, 207, 124, 113, 188, 91, 139, 94, 155, 125, 248, 150, 126, 167, 221, 137, 144, 219, 122, 199], [147, 155, 134, 80, 181, 188, 172, 141, 119, 154, 186, 154, 132, 143, 137, 118, 121, 188, 147, 164, 142, 242, 149, 178, 157, 219, 144, 139, 206, 121, 134, 143, 162, 141, 140, 147, 85, 126, 107, 219, 156, 144, 236, 127, 156, 156, 160, 87, 130, 167, 194, 172, 130, 114, 185, 133, 131, 237, 150, 132, 133, 154, 123, 122, 165, 140, 116, 174, 139, 159, 230, 176, 151, 161, 112], [126, 181, 136, 103, 106, 89, 271, 136, 164, 162, 170, 114, 167, 149, 206, 172, 170, 104, 129, 103, 181, 126, 169, 94, 122, 192, 125, 158, 91, 140, 163, 276, 180, 92, 171, 270, 185, 156, 170, 214, 140, 167, 179, 169, 118, 98, 160, 225, 171, 146, 154, 126, 187, 118, 185, 141, 223, 142, 205, 157, 129, 136, 146, 124, 129, 159, 125, 166, 197, 136, 156, 84, 216, 166, 148], [174, 184, 166, 229, 122, 116, 160, 138, 208, 189, 135, 164, 161, 137, 116, 116, 149, 193, 217, 110, 262, 130, 174, 172, 160, 153, 119, 203, 159, 165, 144, 118, 132, 134, 208, 133, 180, 132, 132, 130, 133, 143, 139, 232, 149, 143, 199, 176, 144, 156, 100, 164, 160, 153, 113, 160, 129, 137, 197, 121, 247, 240, 213, 174, 90, 157, 135, 110, 129, 168, 190, 128, 122, 125, 195], [126, 177, 133, 143, 197, 114, 128, 153, 247, 155, 111, 159, 154, 162, 207, 113, 174, 123, 166, 132, 110, 174, 165, 222, 173, 176, 222, 111, 162, 155, 129, 157, 135, 154, 188, 228, 166, 192, 171, 248, 119, 133, 155, 205, 125, 86, 147, 226, 161, 232, 103, 133, 152, 148, 109, 189, 185, 196, 177, 146, 246, 140, 175, 130, 187, 241, 174, 146, 127, 124, 117, 189, 206, 189, 188], [104, 194, 132, 164, 113, 200, 209, 138, 112, 119, 133, 179, 127, 152, 123, 108, 112, 124, 147, 220, 143, 115, 138, 131, 178, 199, 133, 221, 222, 150, 202, 118, 115, 99, 186, 116, 188, 203, 166, 206, 198, 99, 190, 156, 150, 157, 130, 143, 109, 149, 209, 175, 195, 137, 135, 143, 136, 178, 177, 239, 116, 114, 134, 123, 102, 290, 163, 240, 208, 95, 113, 123, 96, 201, 367], [150, 182, 104, 106, 246, 125, 190, 98, 234, 139, 141, 118, 158, 158, 133, 150, 118, 121, 180, 141, 163, 116, 147, 126, 186, 215, 145, 148, 116, 175, 131, 186, 167, 117, 138, 157, 82, 130, 153, 195, 150, 115, 181, 188, 116, 200, 349, 131, 121, 120, 199, 154, 194, 162, 123, 149, 133, 157, 121, 119, 153, 143, 155, 226, 191, 176, 132, 114, 131, 148, 138, 143, 153, 122, 219], [199, 182, 236, 116, 203, 199, 98, 200, 137, 166, 186, 118, 125, 90, 152, 114, 213, 149, 181, 215, 208, 152, 108, 172, 179, 133, 244, 277, 177, 95, 149, 122, 125, 198, 114, 102, 145, 138, 208, 138, 137, 184, 285, 168, 235, 120, 161, 149, 119, 142, 228, 146, 261, 163, 173, 251, 122, 201, 136, 119, 182, 124, 148, 160, 116, 154, 131, 160, 221, 160, 213, 174, 176, 154, 78], [145, 154, 149, 116, 174, 233, 166, 118, 300, 149, 113, 151, 154, 134, 178, 118, 131, 97, 136, 148, 218, 209, 164, 131, 152, 248, 175, 141, 91, 206, 229, 166, 136, 197, 167, 221, 120, 148, 168, 168, 128, 157, 132, 91, 180, 138, 239, 148, 142, 165, 146, 175, 133, 182, 155, 117, 155, 152, 192, 239, 174, 146, 129, 147, 164, 142, 163, 85, 157, 185, 166, 175, 164, 178, 158], [201, 143, 118, 190, 146, 218, 127, 135, 201, 156, 224, 199, 183, 129, 152, 186, 139, 185, 195, 254, 147, 171, 168, 151, 133, 148, 185, 150, 161, 185, 208, 208, 89, 116, 185, 148, 140, 158, 223, 112, 193, 112, 187, 119, 171, 155, 121, 168, 146, 212, 118, 155, 151, 138, 129, 208, 160, 160, 237, 172, 288, 140, 228, 210, 155, 149, 101, 119, 107, 162, 139, 194, 171, 148, 182], [155, 157, 128, 163, 108, 179, 149, 154, 148, 134, 133, 168, 169, 159, 149, 126, 145, 183, 180, 144, 171, 163, 133, 174, 169, 137, 168, 141, 143, 259, 143, 153, 137, 237, 138, 238, 171, 174, 104, 249, 172, 119, 90, 138, 125, 187, 94, 126, 124, 137, 145, 123, 211, 99, 119, 166, 172, 138, 122, 171, 175, 157, 126, 149, 160, 145, 127, 97, 197, 185, 104, 149, 151, 105, 163], [181, 187, 134, 192, 116, 88, 134, 230, 197, 141, 154, 165, 159, 204, 162, 120, 180, 100, 232, 139, 138, 195, 244, 176, 152, 156, 204, 153, 136, 226, 185, 184, 137, 113, 164, 200, 154, 182, 164, 128, 138, 112, 251, 280, 159, 140, 162, 176, 133, 116, 142, 182, 183, 119, 132, 232, 152, 228, 136, 112, 165, 132, 116, 156, 146, 179, 106, 167, 153, 194, 159, 246, 177, 152, 150], [188, 211, 106, 255, 100, 114, 216, 162, 126, 146, 190, 180, 160, 182, 203, 266, 94, 185, 208, 142, 142, 108, 217, 148, 174, 184, 149, 213, 122, 157, 165, 166, 114, 124, 152, 146, 116, 139, 114, 142, 120, 164, 112, 130, 125, 130, 109, 161, 183, 155, 161, 175, 132, 173, 191, 174, 181, 176, 129, 172, 109, 180, 143, 186, 133, 215, 120, 136, 124, 182, 142, 164, 222, 122, 98], [190, 208, 162, 214, 112, 114, 109, 223, 196, 120, 197, 168, 145, 132, 169, 130, 105, 182, 227, 181, 171, 122, 221, 169, 200, 117, 217, 322, 191, 158, 124, 152, 164, 177, 157, 177, 203, 132, 175, 139, 157, 166, 163, 116, 142, 159, 134, 138, 251, 167, 145, 84, 199, 113, 182, 141, 150, 145, 134, 116, 340, 152, 94, 157, 125, 120, 133, 150, 149, 161, 118, 165, 97, 131, 182], [163, 196, 108, 159, 143, 117, 142, 173, 129, 130, 186, 149, 143, 121, 192, 100, 134, 126, 131, 199, 134, 222, 147, 227, 167, 153, 151, 137, 176, 139, 142, 155, 142, 164, 214, 159, 238, 173, 190, 142, 204, 108, 154, 176, 108, 113, 153, 109, 146, 118, 188, 192, 201, 110, 132, 142, 148, 183, 173, 187, 96, 130, 120, 246, 166, 123, 155, 260, 164, 121, 152, 168, 140, 172, 163], [179, 183, 207, 154, 208, 198, 125, 195, 145, 144, 168, 110, 128, 165, 157, 126, 164, 186, 197, 89, 143, 146, 238, 127, 171, 126, 115, 171, 205, 148, 96, 175, 102, 159, 150, 145, 186, 123, 104, 154, 216, 138, 154, 155, 249, 142, 186, 171, 179, 152, 249, 129, 196, 168, 200, 205, 161, 139, 168, 250, 128, 207, 120, 132, 131, 117, 156, 143, 203, 164, 200, 226, 143, 219, 175], [163, 93, 154, 195, 130, 105, 212, 147, 264, 175, 250, 179, 173, 188, 126, 218, 203, 199, 143, 146, 116, 163, 150, 106, 164, 168, 197, 139, 174, 248, 147, 141, 234, 105, 124, 118, 198, 230, 151, 201, 223, 235, 196, 206, 239, 138, 149, 108, 125, 136, 191, 135, 117, 113, 166, 186, 135, 194, 158, 126, 143, 170, 171, 250, 130, 203, 129, 229, 188, 157, 167, 135, 179, 96, 161], [203, 106, 109, 144, 204, 134, 175, 197, 165, 170, 144, 205, 126, 193, 179, 157, 156, 178, 208, 152, 198, 141, 147, 165, 182, 139, 185, 138, 122, 219, 153, 118, 162, 160, 153, 129, 115, 120, 123, 185, 161, 146, 135, 177, 212, 289, 135, 226, 136, 191, 142, 108, 135, 239, 289, 224, 193, 159, 180, 183, 175, 196, 225, 135, 201, 119, 154, 206, 129, 135, 188, 173, 181, 188, 164], [119, 106, 131, 107, 191, 135, 96, 167, 177, 285, 147, 133, 123, 162, 127, 187, 162, 178, 164, 178, 213, 151, 184, 114, 151, 124, 132, 139, 114, 210, 113, 199, 146, 148, 148, 115, 137, 184, 139, 103, 121, 182, 183, 147, 172, 71, 117, 94, 132, 157, 173, 100, 184, 136, 183, 164, 110, 142, 150, 120, 151, 141, 188, 222, 159, 165, 238, 201, 173, 211, 184, 150, 142, 119, 168], [126, 182, 128, 104, 182, 158, 158, 105, 165, 161, 105, 166, 167, 308, 130, 211, 171, 192, 199, 230, 104, 168, 225, 192, 175, 153, 142, 125, 171, 129, 181, 122, 143, 200, 141, 117, 164, 87, 260, 110, 134, 140, 118, 194, 212, 180, 143, 108, 121, 134, 125, 109, 139, 138, 166, 165, 152, 155, 164, 136, 121, 150, 127, 203, 137, 159, 150, 131, 208, 240, 175, 298, 161, 189, 187], [170, 202, 96, 163, 161, 126, 214, 126, 127, 117, 136, 240, 160, 93, 169, 133, 132, 171, 185, 129, 166, 319, 237, 151, 202, 216, 152, 121, 122, 236, 185, 225, 132, 101, 176, 160, 138, 169, 158, 122, 126, 146, 95, 133, 162, 161, 252, 150, 223, 191, 159, 203, 113, 160, 117, 215, 142, 205, 153, 164, 212, 211, 184, 152, 108, 187, 135, 233, 180, 99, 162, 233, 124, 148, 272], [134, 120, 146, 159, 244, 174, 107, 143, 205, 192, 184, 153, 123, 133, 156, 187, 158, 170, 159, 100, 159, 153, 88, 173, 115, 139, 158, 191, 115, 199, 175, 127, 160, 105, 167, 179, 153, 146, 185, 224, 189, 190, 197, 208, 235, 173, 113, 139, 163, 219, 135, 101, 140, 151, 173, 186, 123, 200, 109, 284, 181, 149, 130, 192, 188, 295, 127, 160, 157, 98, 221, 205, 172, 206, 211], [117, 154, 123, 231, 183, 137, 150, 115, 158, 128, 136, 170, 90, 181, 186, 174, 167, 193, 148, 159, 146, 170, 166, 135, 107, 164, 153, 120, 140, 149, 196, 129, 169, 147, 182, 181, 171, 176, 117, 101, 150, 132, 160, 122, 110, 138, 194, 126, 151, 135, 223, 174, 166, 79, 177, 204, 126, 104, 186, 182, 231, 175, 111, 107, 171, 140, 181, 160, 160, 168, 151, 184, 167, 169, 128], [137, 206, 74, 144, 171, 114, 138, 126, 170, 163, 155, 148, 164, 184, 160, 163, 149, 200, 143, 136, 152, 160, 157, 145, 228, 157, 132, 186, 148, 140, 159, 186, 129, 111, 116, 169, 284, 168, 139, 204, 193, 141, 183, 154, 187, 110, 173, 91, 148, 176, 131, 137, 331, 153, 144, 113, 171, 123, 157, 120, 141, 181, 226, 159, 134, 162, 148, 108, 124, 103, 142, 138, 159, 131, 204], [100, 158, 178, 178, 150, 186, 210, 168, 103, 170, 121, 134, 170, 183, 206, 112, 225, 182, 247, 204, 202, 140, 172, 195, 208, 135, 137, 100, 252, 187, 125, 154, 140, 130, 118, 134, 158, 145, 205, 150, 165, 190, 126, 178, 146, 154, 196, 183, 145, 153, 169, 181, 171, 150, 199, 177, 121, 149, 150, 139, 203, 192, 142, 130, 137, 214, 142, 164, 119, 147, 143, 137, 187, 153, 131], [154, 108, 126, 199, 186, 156, 150, 160, 154, 141, 179, 134, 134, 141, 145, 133, 197, 232, 133, 146, 157, 189, 174, 148, 139, 127, 142, 186, 207, 147, 206, 154, 158, 121, 125, 157, 152, 242, 109, 101, 206, 218, 118, 133, 143, 199, 107, 156, 147, 153, 175, 148, 165, 165, 185, 149, 172, 113, 191, 204, 111, 255, 127, 205, 138, 178, 82, 120, 176, 151, 157, 153, 202, 107, 152], [109, 116, 97, 71, 201, 153, 161, 161, 167, 132, 87, 92, 114, 173, 210, 173, 172, 187, 140, 120, 176, 128, 140, 152, 112, 182, 130, 162, 144, 131, 170, 200, 152, 139, 146, 91, 215, 182, 157, 196, 136, 225, 187, 135, 196, 131, 123, 159, 127, 147, 163, 190, 221, 194, 137, 250, 166, 205, 181, 158, 114, 122, 132, 113, 146, 124, 166, 121, 151, 320, 175, 132, 126, 118, 199], [152, 123, 107, 136, 153, 160, 170, 189, 96, 181, 184, 175, 135, 201, 195, 167, 139, 170, 104, 172, 151, 168, 234, 267, 238, 178, 156, 116, 176, 128, 144, 144, 199, 158, 301, 162, 107, 139, 119, 141, 177, 110, 156, 117, 150, 117, 122, 153, 181, 158, 347, 219, 163, 161, 142, 237, 113, 157, 139, 110, 139, 103, 249, 122, 111, 174, 140, 146, 143, 160, 132, 108, 168, 260, 190], [125, 208, 157, 225, 155, 123, 133, 137, 220, 138, 156, 250, 162, 145, 160, 235, 240, 157, 114, 247, 97, 218, 162, 166, 216, 152, 146, 90, 111, 113, 131, 122, 121, 175, 226, 107, 166, 188, 140, 167, 215, 130, 161, 98, 155, 170, 149, 93, 143, 159, 156, 108, 161, 95, 160, 148, 125, 118, 108, 107, 127, 157, 131, 229, 134, 106, 208, 227, 191, 151, 161, 136, 154, 161, 86], [175, 201, 155, 105, 152, 123, 141, 121, 148, 122, 122, 162, 146, 198, 221, 133, 133, 253, 138, 168, 176, 133, 188, 164, 205, 126, 88, 158, 202, 145, 220, 189, 155, 189, 163, 166, 279, 220, 196, 199, 128, 146, 140, 131, 162, 113, 142, 211, 170, 176, 195, 129, 164, 163, 230, 191, 173, 176, 188, 188, 147, 138, 125, 107, 160, 116, 157, 93, 224, 131, 317, 107, 122, 184, 141], [157, 158, 150, 146, 124, 144, 230, 108, 183, 212, 159, 126, 143, 132, 172, 204, 220, 146, 127, 172, 160, 141, 192, 105, 177, 220, 122, 121, 173, 161, 123, 121, 112, 228, 130, 178, 138, 148, 124, 157, 154, 134, 169, 174, 127, 116, 166, 154, 137, 191, 190, 203, 192, 151, 149, 265, 200, 132, 170, 178, 124, 154, 144, 104, 150, 161, 236, 130, 211, 204, 141, 135, 133, 133, 195], [183, 138, 211, 197, 259, 237, 133, 192, 140, 137, 142, 220, 183, 151, 109, 150, 164, 181, 235, 246, 62, 147, 167, 133, 180, 181, 119, 158, 114, 169, 138, 136, 98, 193, 157, 155, 163, 146, 145, 210, 206, 139, 107, 146, 182, 142, 168, 194, 195, 156, 144, 157, 307, 155, 145, 79, 134, 180, 138, 96, 139, 225, 147, 214, 133, 158, 130, 215, 213, 212, 134, 153, 92, 68, 151], [127, 130, 172, 197, 213, 119, 203, 163, 197, 113, 175, 163, 127, 193, 201, 238, 172, 198, 237, 162, 232, 119, 182, 153, 136, 156, 143, 124, 123, 153, 179, 238, 205, 205, 140, 218, 160, 134, 157, 128, 125, 162, 167, 159, 118, 118, 155, 158, 105, 149, 159, 217, 143, 154, 131, 159, 158, 171, 147, 135, 140, 179, 136, 215, 182, 135, 93, 193, 212, 138, 133, 143, 108, 189, 222], [105, 170, 195, 184, 169, 143, 104, 117, 180, 117, 104, 132, 219, 205, 139, 200, 87, 165, 153, 222, 117, 152, 141, 143, 146, 138, 161, 89, 102, 200, 174, 139, 146, 152, 130, 153, 150, 174, 150, 151, 162, 124, 95, 122, 178, 159, 189, 142, 127, 152, 129, 135, 167, 207, 170, 198, 175, 135, 194, 233, 244, 171, 178, 108, 228, 212, 170, 98, 102, 237, 171, 196, 177, 113, 83], [177, 181, 151, 206, 124, 188, 162, 164, 129, 187, 207, 177, 125, 137, 167, 217, 166, 136, 165, 203, 119, 133, 207, 186, 159, 227, 120, 203, 205, 120, 167, 192, 195, 226, 107, 144, 111, 225, 209, 160, 140, 210, 158, 124, 159, 129, 135, 131, 134, 240, 163, 215, 101, 184, 162, 155, 146, 151, 84, 210, 115, 142, 142, 202, 210, 206, 131, 122, 73, 157, 189, 128, 168, 176, 173], [171, 246, 136, 225, 182, 155, 154, 168, 139, 91, 161, 114, 134, 167, 132, 154, 126, 122, 202, 110, 134, 111, 180, 183, 158, 138, 161, 174, 168, 113, 150, 254, 176, 130, 205, 206, 124, 201, 161, 104, 144, 160, 225, 216, 143, 165, 197, 133, 134, 129, 175, 211, 134, 180, 161, 124, 190, 140, 124, 128, 247, 284, 123, 121, 177, 142, 100, 177, 162, 185, 192, 116, 117, 232, 130], [201, 114, 165, 87, 185, 112, 120, 201, 109, 194, 155, 175, 254, 274, 133, 114, 156, 215, 179, 155, 168, 157, 134, 161, 113, 100, 211, 105, 151, 165, 155, 140, 169, 180, 171, 183, 225, 162, 196, 143, 135, 173, 185, 169, 117, 201, 306, 179, 148, 143, 222, 160, 166, 105, 93, 114, 216, 258, 152, 231, 144, 155, 167, 136, 147, 155, 127, 146, 183, 141, 186, 220, 195, 201, 197], [180, 127, 122, 204, 228, 148, 139, 134, 235, 150, 139, 170, 114, 113, 97, 150, 233, 205, 104, 110, 120, 188, 177, 169, 139, 127, 140, 125, 157, 190, 187, 175, 105, 91, 157, 109, 198, 181, 149, 169, 115, 176, 182, 109, 202, 149, 125, 115, 133, 207, 118, 152, 140, 120, 110, 139, 226, 202, 130, 178, 165, 194, 126, 132, 136, 102, 133, 202, 97, 132, 152, 168, 288, 154, 130], [170, 134, 243, 151, 131, 123, 145, 92, 187, 125, 199, 115, 155, 139, 159, 96, 184, 131, 95, 117, 220, 344, 131, 145, 118, 143, 173, 176, 153, 153, 112, 157, 167, 205, 145, 164, 176, 126, 96, 147, 159, 170, 128, 153, 166, 186, 101, 113, 149, 100, 175, 174, 179, 163, 101, 189, 131, 139, 201, 125, 171, 109, 243, 147, 215, 147, 123, 94, 147, 267, 190, 142, 121, 140, 212], [153, 251, 243, 165, 118, 300, 155, 81, 191, 130, 132, 121, 192, 159, 176, 104, 176, 143, 127, 163, 148, 164, 114, 190, 155, 186, 172, 146, 132, 143, 164, 176, 145, 162, 197, 174, 182, 84, 129, 151, 139, 167, 156, 213, 104, 124, 141, 158, 161, 154, 148, 161, 181, 129, 156, 151, 162, 133, 159, 169, 116, 102, 172, 181, 145, 179, 128, 134, 230, 176, 148, 203, 160, 144, 177], [96, 138, 158, 125, 160, 189, 175, 134, 132, 154, 186, 205, 141, 211, 157, 161, 185, 179, 146, 152, 111, 103, 96, 168, 192, 136, 126, 184, 153, 151, 186, 160, 132, 154, 106, 124, 114, 179, 139, 115, 177, 205, 105, 262, 113, 145, 130, 191, 141, 175, 157, 196, 124, 182, 147, 144, 140, 245, 155, 144, 252, 212, 140, 88, 162, 198, 114, 191, 136, 125, 177, 249, 188, 139, 103], [127, 144, 142, 187, 192, 141, 174, 139, 225, 157, 153, 147, 144, 116, 101, 191, 281, 202, 281, 118, 91, 186, 169, 159, 190, 178, 144, 130, 143, 205, 116, 218, 159, 159, 137, 105, 166, 97, 234, 242, 121, 228, 139, 131, 170, 125, 128, 105, 248, 155, 151, 148, 148, 177, 126, 200, 154, 135, 196, 147, 130, 91, 87, 119, 141, 161, 186, 209, 139, 196, 168, 151, 93, 154, 138], [146, 86, 236, 129, 192, 211, 158, 182, 154, 156, 192, 133, 137, 146, 121, 198, 187, 200, 126, 163, 146, 112, 166, 84, 138, 150, 172, 133, 363, 114, 192, 91, 141, 152, 171, 139, 180, 146, 151, 112, 208, 155, 154, 130, 117, 183, 138, 225, 191, 180, 215, 172, 146, 245, 148, 195, 143, 200, 139, 150, 135, 138, 200, 210, 136, 133, 121, 298, 133, 150, 146, 160, 153, 187, 194], [158, 170, 124, 234, 184, 134, 141, 159, 135, 182, 117, 154, 133, 140, 183, 135, 142, 188, 109, 180, 176, 149, 134, 149, 154, 172, 186, 137, 257, 140, 205, 162, 135, 176, 122, 128, 115, 177, 166, 149, 142, 158, 138, 150, 212, 187, 146, 237, 119, 224, 177, 91, 144, 115, 144, 120, 120, 246, 156, 170, 133, 169, 216, 129, 137, 161, 138, 201, 108, 162, 114, 242, 180, 200, 164], [125, 105, 101, 262, 138, 181, 160, 160, 131, 126, 113, 212, 136, 159, 280, 147, 190, 142, 181, 133, 174, 121, 156, 159, 167, 119, 263, 129, 143, 175, 114, 130, 173, 156, 147, 153, 138, 78, 126, 147, 180, 164, 156, 128, 151, 188, 138, 237, 159, 134, 158, 103, 170, 169, 161, 178, 179, 154, 120, 137, 236, 188, 171, 101, 126, 124, 125, 176, 101, 161, 140, 171, 160, 171, 217], [160, 142, 181, 120, 156, 179, 311, 177, 149, 183, 148, 123, 175, 138, 106, 140, 157, 110, 273, 166, 133, 198, 141, 131, 111, 180, 141, 196, 163, 164, 215, 174, 162, 211, 199, 138, 130, 135, 144, 148, 119, 144, 143, 101, 120, 160, 205, 196, 179, 193, 149, 149, 125, 198, 173, 168, 160, 165, 169, 123, 117, 131, 172, 142, 158, 172, 177, 108, 142, 115, 197, 180, 148, 277, 149], [155, 173, 167, 179, 196, 211, 153, 203, 182, 141, 121, 169, 191, 192, 161, 143, 136, 139, 180, 159, 147, 142, 139, 155, 177, 136, 191, 127, 130, 96, 147, 193, 223, 154, 265, 232, 140, 175, 208, 197, 133, 120, 145, 75, 177, 105, 193, 145, 143, 154, 169, 136, 134, 164, 106, 206, 258, 156, 183, 196, 165, 174, 159, 146, 116, 93, 139, 158, 222, 139, 166, 122, 222, 108, 142], [131, 193, 126, 183, 145, 225, 137, 174, 161, 156, 266, 186, 131, 172, 163, 211, 199, 177, 192, 135, 114, 190, 202, 159, 154, 110, 156, 157, 180, 228, 108, 163, 138, 105, 99, 117, 127, 122, 90, 173, 136, 236, 98, 178, 119, 229, 104, 121, 196, 152, 151, 170, 177, 158, 190, 168, 107, 160, 134, 127, 198, 120, 159, 146, 193, 104, 169, 172, 131, 209, 154, 117, 200, 167, 173], [273, 198, 142, 105, 158, 150, 149, 215, 171, 240, 207, 121, 136, 225, 102, 231, 150, 236, 86, 146, 137, 299, 123, 145, 249, 131, 169, 119, 152, 153, 134, 101, 173, 143, 161, 156, 190, 108, 151, 176, 137, 151, 149, 143, 147, 266, 177, 138, 113, 183, 129, 137, 272, 147, 132, 198, 111, 157, 146, 130, 169, 104, 129, 146, 195, 142, 165, 162, 141, 136, 114, 205, 149, 217, 179], [169, 189, 125, 236, 150, 164, 133, 96, 186, 174, 171, 146, 108, 114, 131, 161, 220, 128, 128, 181, 151, 115, 147, 194, 168, 138, 216, 119, 154, 115, 229, 162, 128, 151, 152, 195, 134, 82, 123, 202, 151, 124, 150, 171, 154, 122, 215, 175, 131, 119, 145, 150, 108, 191, 139, 124, 84, 143, 187, 156, 139, 207, 144, 177, 135, 208, 241, 157, 191, 248, 181, 176, 191, 178, 196], [139, 135, 133, 176, 107, 152, 149, 184, 140, 175, 140, 134, 270, 180, 202, 166, 162, 151, 129, 192, 114, 158, 179, 208, 187, 174, 150, 167, 114, 124, 175, 182, 115, 125, 141, 111, 162, 196, 187, 138, 213, 139, 189, 153, 116, 253, 119, 143, 171, 194, 150, 156, 185, 199, 147, 220, 140, 205, 165, 178, 165, 139, 131, 197, 206, 126, 166, 145, 171, 137, 141, 195, 126, 174, 235], [133, 152, 110, 96, 96, 181, 142, 155, 155, 145, 154, 215, 126, 140, 128, 229, 152, 142, 115, 133, 207, 201, 164, 166, 161, 280, 218, 143, 213, 127, 253, 177, 170, 156, 152, 212, 178, 192, 160, 170, 143, 205, 152, 115, 98, 211, 157, 230, 173, 231, 149, 116, 134, 151, 234, 154, 211, 157, 169, 96, 164, 157, 159, 182, 207, 188, 307, 127, 177, 176, 99, 159, 172, 174, 194], [208, 232, 166, 185, 147, 112, 157, 114, 203, 175, 133, 169, 186, 178, 143, 107, 160, 206, 165, 111, 160, 149, 214, 128, 118, 160, 136, 145, 87, 153, 178, 121, 159, 97, 164, 186, 129, 214, 144, 134, 153, 180, 186, 154, 121, 142, 92, 198, 98, 127, 130, 162, 104, 171, 138, 180, 215, 164, 155, 123, 200, 145, 203, 163, 114, 170, 167, 172, 265, 272, 190, 204, 148, 132, 201], [161, 152, 157, 178, 136, 200, 155, 179, 170, 143, 150, 105, 145, 139, 169, 175, 118, 101, 197, 176, 132, 143, 165, 137, 203, 111, 98, 122, 166, 190, 169, 193, 186, 121, 149, 114, 168, 193, 173, 103, 69, 88, 151, 187, 158, 232, 143, 237, 115, 120, 129, 116, 139, 129, 133, 134, 102, 216, 250, 95, 235, 174, 157, 145, 128, 146, 126, 235, 92, 107, 113, 183, 130, 156, 128], [79, 183, 158, 112, 184, 183, 129, 172, 200, 178, 182, 154, 185, 190, 93, 156, 142, 139, 139, 156, 132, 135, 131, 174, 240, 277, 143, 257, 157, 139, 155, 235, 145, 161, 121, 126, 226, 210, 141, 146, 154, 135, 139, 177, 169, 162, 122, 159, 134, 128, 166, 198, 176, 138, 202, 190, 207, 192, 183, 207, 217, 153, 99, 169, 166, 140, 172, 134, 140, 161, 217, 136, 255, 101, 196], [160, 296, 153, 173, 170, 200, 179, 165, 106, 180, 122, 125, 159, 147, 145, 206, 143, 195, 139, 163, 125, 160, 175, 147, 157, 132, 137, 139, 121, 164, 107, 164, 192, 170, 182, 251, 119, 175, 126, 162, 170, 159, 165, 170, 177, 156, 160, 173, 168, 178, 102, 273, 180, 210, 140, 198, 207, 129, 120, 130, 124, 119, 161, 217, 147, 184, 147, 143, 166, 128, 109, 193, 192, 204, 179], [202, 169, 104, 144, 165, 211, 148, 178, 104, 152, 138, 199, 177, 152, 112, 101, 184, 139, 136, 126, 138, 196, 143, 166, 212, 145, 204, 177, 232, 130, 160, 131, 129, 154, 124, 181, 195, 227, 123, 252, 149, 215, 121, 173, 158, 110, 155, 121, 168, 166, 130, 166, 147, 187, 189, 200, 162, 126, 131, 110, 158, 131, 123, 97, 245, 111, 182, 166, 193, 162, 170, 156, 105, 131, 94], [192, 137, 166, 153, 120, 152, 284, 133, 167, 134, 127, 210, 199, 131, 161, 173, 151, 138, 132, 204, 159, 246, 172, 168, 146, 207, 143, 157, 197, 97, 220, 211, 158, 105, 216, 136, 179, 173, 141, 161, 99, 216, 227, 129, 131, 104, 218, 191, 155, 135, 186, 143, 163, 118, 154, 201, 149, 84, 220, 163, 138, 115, 208, 227, 119, 148, 169, 150, 164, 120, 189, 249, 161, 175, 176], [234, 125, 160, 175, 179, 154, 173, 165, 138, 192, 189, 128, 190, 142, 138, 144, 122, 149, 123, 143, 124, 138, 216, 115, 196, 140, 233, 187, 120, 178, 197, 149, 124, 143, 201, 143, 146, 154, 159, 108, 96, 145, 145, 206, 156, 255, 179, 189, 121, 137, 120, 127, 179, 118, 153, 128, 156, 153, 102, 118, 150, 105, 184, 133, 145, 165, 198, 138, 153, 240, 139, 220, 133, 184, 146], [164, 222, 168, 197, 143, 165, 120, 222, 176, 188, 137, 130, 173, 140, 227, 183, 111, 157, 117, 213, 193, 160, 167, 173, 112, 87, 193, 150, 170, 168, 230, 256, 194, 143, 156, 176, 221, 168, 144, 111, 82, 176, 137, 170, 162, 139, 179, 171, 167, 245, 230, 159, 198, 191, 156, 165, 195, 142, 192, 202, 150, 199, 143, 123, 89, 139, 158, 185, 184, 164, 117, 155, 84, 126, 130], [142, 231, 129, 130, 129, 155, 166, 185, 168, 195, 155, 212, 143, 217, 126, 149, 206, 190, 277, 148, 184, 198, 168, 188, 203, 131, 112, 119, 117, 119, 116, 110, 152, 110, 142, 222, 127, 135, 118, 143, 123, 222, 188, 167, 166, 150, 184, 215, 152, 149, 122, 167, 197, 191, 149, 143, 157, 144, 134, 207, 146, 148, 227, 242, 168, 117, 164, 190, 193, 164, 202, 113, 133, 132, 184], [140, 167, 174, 169, 128, 180, 191, 128, 155, 152, 104, 128, 132, 195, 110, 183, 133, 112, 117, 269, 160, 184, 185, 108, 105, 173, 177, 158, 215, 122, 123, 128, 135, 163, 132, 222, 148, 136, 154, 186, 172, 169, 117, 116, 155, 220, 184, 196, 196, 145, 120, 154, 184, 212, 145, 112, 159, 220, 152, 101, 236, 161, 200, 210, 108, 164, 170, 162, 188, 191, 158, 141, 205, 238, 157], [112, 142, 148, 106, 121, 96, 202, 129, 129, 135, 117, 159, 211, 106, 252, 90, 85, 97, 108, 135, 202, 170, 151, 244, 140, 135, 120, 136, 130, 175, 266, 138, 152, 116, 160, 177, 138, 109, 119, 160, 183, 146, 140, 129, 164, 110, 208, 110, 120, 155, 177, 137, 152, 85, 187, 151, 145, 160, 107, 117, 273, 205, 156, 161, 159, 76, 183, 158, 132, 136, 113, 158, 154, 193, 128], [150, 105, 97, 139, 176, 131, 142, 138, 148, 139, 165, 106, 138, 116, 198, 218, 141, 162, 105, 152, 127, 121, 126, 199, 154, 180, 154, 176, 154, 138, 149, 162, 189, 209, 134, 126, 181, 126, 300, 136, 183, 140, 247, 145, 140, 137, 185, 152, 161, 122, 141, 245, 171, 119, 165, 165, 173, 153, 238, 140, 149, 141, 100, 108, 140, 188, 82, 186, 142, 108, 220, 178, 88, 184, 159], [186, 133, 129, 115, 165, 168, 134, 160, 137, 182, 150, 153, 193, 185, 97, 130, 105, 154, 119, 119, 166, 118, 176, 130, 186, 144, 162, 129, 256, 217, 196, 113, 138, 118, 126, 126, 103, 141, 129, 122, 137, 190, 274, 157, 136, 138, 139, 159, 130, 153, 138, 184, 138, 171, 124, 145, 155, 102, 150, 192, 145, 182, 182, 174, 157, 132, 131, 127, 123, 119, 123, 141, 117, 135, 175], [86, 161, 192, 157, 235, 156, 106, 100, 145, 148, 157, 249, 148, 164, 219, 103, 107, 238, 184, 204, 164, 129, 193, 217, 127, 145, 107, 232, 112, 184, 172, 131, 244, 147, 189, 102, 165, 96, 136, 104, 177, 121, 122, 160, 120, 127, 137, 172, 181, 134, 120, 243, 237, 176, 216, 122, 80, 88, 94, 141, 179, 133, 135, 153, 205, 119, 218, 197, 192, 152, 165, 113, 203, 125, 239], [162, 155, 218, 105, 93, 127, 141, 159, 131, 114, 211, 205, 138, 132, 180, 243, 230, 181, 158, 210, 135, 142, 209, 175, 159, 161, 126, 111, 159, 151, 126, 126, 223, 183, 187, 119, 123, 147, 127, 120, 132, 223, 111, 90, 204, 206, 142, 231, 144, 180, 136, 83, 184, 178, 226, 175, 130, 187, 161, 96, 241, 167, 112, 160, 197, 113, 220, 120, 107, 251, 122, 162, 130, 184, 182], [130, 187, 181, 228, 109, 255, 164, 172, 179, 104, 169, 120, 205, 157, 121, 188, 163, 133, 190, 193, 182, 158, 111, 114, 140, 115, 181, 113, 132, 136, 227, 131, 161, 149, 165, 188, 211, 139, 146, 154, 100, 173, 102, 98, 158, 207, 223, 157, 220, 171, 160, 112, 185, 150, 207, 136, 275, 141, 135, 216, 147, 117, 107, 114, 135, 125, 163, 128, 150, 130, 131, 113, 142, 132, 106], [110, 145, 108, 103, 123, 139, 179, 102, 212, 145, 179, 118, 106, 174, 273, 260, 188, 154, 163, 136, 134, 152, 198, 174, 168, 113, 241, 172, 140, 118, 177, 156, 134, 161, 161, 138, 136, 174, 236, 138, 173, 210, 169, 158, 187, 107, 180, 101, 145, 115, 147, 125, 97, 125, 202, 220, 129, 183, 105, 141, 238, 107, 111, 173, 159, 190, 244, 127, 112, 243, 253, 241, 145, 113, 136], [198, 100, 136, 172, 185, 230, 115, 120, 197, 166, 198, 147, 145, 132, 152, 181, 181, 135, 150, 123, 125, 156, 150, 153, 95, 196, 179, 137, 160, 181, 155, 182, 120, 139, 245, 180, 166, 124, 185, 174, 232, 96, 143, 164, 150, 222, 196, 118, 206, 206, 158, 146, 208, 142, 163, 168, 148, 169, 217, 105, 130, 166, 244, 158, 213, 220, 144, 195, 104, 122, 131, 136, 170, 183, 223], [169, 146, 226, 187, 156, 172, 213, 176, 175, 97, 294, 107, 241, 151, 223, 223, 196, 202, 214, 119, 213, 154, 161, 198, 121, 137, 160, 125, 124, 169, 173, 119, 230, 140, 207, 149, 168, 185, 205, 133, 112, 138, 128, 143, 123, 141, 112, 203, 159, 197, 205, 217, 167, 159, 118, 193, 129, 119, 193, 131, 193, 109, 167, 161, 118, 124, 96, 131, 184, 138, 145, 130, 110, 225, 97], [113, 182, 160, 165, 136, 128, 106, 127, 130, 192, 146, 187, 180, 193, 136, 140, 151, 140, 100, 201, 148, 137, 165, 113, 232, 156, 152, 171, 192, 199, 176, 218, 109, 155, 152, 300, 133, 166, 171, 124, 206, 153, 205, 128, 154, 199, 119, 129, 161, 145, 163, 183, 199, 178, 151, 158, 94, 112, 150, 151, 178, 133, 126, 170, 207, 198, 158, 162, 96, 138, 156, 273, 157, 128, 106], [155, 175, 245, 168, 212, 133, 117, 236, 229, 148, 194, 158, 116, 197, 114, 136, 125, 225, 270, 220, 148, 97, 154, 213, 118, 162, 218, 196, 197, 113, 108, 140, 129, 112, 150, 185, 213, 201, 210, 168, 205, 184, 84, 202, 114, 213, 79, 124, 181, 163, 110, 173, 150, 127, 136, 114, 133, 141, 173, 203, 118, 133, 113, 193, 189, 130, 152, 173, 142, 95, 111, 230, 217, 153, 193], [100, 219, 217, 158, 189, 161, 105, 163, 103, 113, 157, 149, 159, 189, 139, 192, 211, 134, 102, 210, 90, 181, 192, 114, 90, 114, 155, 160, 178, 101, 241, 143, 123, 106, 130, 147, 204, 172, 196, 143, 150, 219, 185, 122, 155, 229, 133, 190, 153, 135, 143, 133, 190, 166, 118, 172, 129, 108, 217, 244, 135, 182, 180, 165, 157, 98, 145, 142, 122, 123, 213, 206, 145, 120, 174], [217, 178, 231, 198, 126, 128, 132, 111, 159, 159, 132, 210, 154, 141, 203, 115, 181, 142, 197, 125, 223, 135, 123, 134, 96, 173, 165, 145, 161, 119, 184, 204, 158, 134, 199, 139, 143, 96, 209, 186, 142, 123, 158, 69, 245, 211, 170, 120, 221, 160, 123, 194, 203, 152, 161, 175, 123, 138, 136, 192, 137, 137, 218, 136, 123, 178, 173, 147, 144, 134, 186, 176, 171, 139, 172], [209, 197, 107, 193, 187, 178, 184, 127, 200, 78, 229, 98, 148, 219, 121, 121, 111, 140, 168, 188, 154, 170, 182, 243, 136, 143, 202, 213, 239, 97, 285, 154, 159, 143, 219, 129, 185, 108, 162, 169, 211, 226, 112, 129, 166, 92, 178, 217, 153, 232, 159, 144, 172, 144, 165, 147, 121, 123, 151, 111, 105, 174, 161, 161, 137, 128, 168, 141, 195, 169, 187, 195, 151, 148, 133], [174, 190, 215, 141, 177, 192, 145, 186, 151, 151, 198, 180, 123, 151, 196, 148, 170, 170, 206, 314, 181, 92, 165, 127, 84, 153, 121, 148, 151, 85, 261, 205, 154, 132, 178, 200, 174, 259, 183, 187, 134, 116, 154, 175, 201, 147, 141, 176, 116, 141, 127, 157, 137, 172, 100, 217, 102, 126, 137, 158, 131, 156, 125, 173, 148, 78, 207, 131, 111, 106, 154, 112, 101, 82, 130], [239, 129, 118, 132, 249, 180, 97, 138, 149, 128, 207, 211, 175, 127, 119, 151, 174, 159, 195, 140, 220, 241, 87, 157, 210, 123, 209, 106, 145, 193, 149, 165, 190, 162, 155, 165, 89, 188, 173, 138, 225, 149, 151, 318, 183, 116, 97, 159, 181, 160, 136, 154, 143, 128, 171, 122, 243, 187, 214, 150, 186, 205, 156, 145, 133, 172, 105, 84, 163, 98, 121, 126, 148, 232, 186], [128, 157, 153, 145, 119, 124, 164, 109, 132, 174, 162, 207, 160, 66, 133, 176, 130, 166, 156, 190, 126, 113, 220, 136, 161, 142, 128, 150, 132, 218, 137, 203, 216, 162, 165, 117, 119, 158, 114, 121, 114, 119, 150, 165, 222, 144, 137, 170, 73, 209, 125, 178, 129, 143, 122, 208, 168, 139, 118, 117, 144, 112, 171, 107, 114, 246, 203, 123, 155, 213, 154, 161, 175, 225, 267], [98, 167, 235, 82, 162, 166, 175, 127, 151, 152, 128, 185, 116, 141, 139, 296, 139, 124, 156, 126, 188, 238, 235, 193, 232, 196, 166, 135, 146, 200, 214, 179, 192, 158, 98, 302, 180, 195, 174, 137, 164, 130, 187, 108, 156, 77, 108, 115, 183, 203, 165, 133, 171, 228, 115, 144, 178, 172, 177, 191, 96, 195, 187, 177, 177, 145, 116, 139, 106, 180, 109, 183, 133, 217, 107], [119, 228, 240, 164, 171, 204, 160, 182, 95, 174, 193, 217, 176, 139, 247, 265, 139, 146, 149, 198, 101, 151, 129, 117, 229, 109, 171, 197, 85, 150, 125, 133, 152, 188, 150, 326, 133, 165, 131, 158, 118, 143, 178, 160, 147, 144, 165, 250, 203, 156, 161, 169, 126, 197, 211, 89, 169, 203, 219, 141, 132, 155, 140, 107, 148, 177, 158, 105, 200, 163, 292, 177, 140, 172, 190], [129, 153, 157, 117, 137, 109, 126, 144, 145, 162, 166, 183, 123, 112, 174, 182, 118, 140, 185, 144, 139, 143, 202, 176, 169, 162, 184, 134, 166, 161, 290, 122, 159, 207, 162, 172, 203, 129, 169, 169, 154, 123, 125, 131, 247, 185, 196, 153, 131, 147, 127, 162, 136, 109, 174, 131, 153, 198, 151, 150, 154, 128, 122, 145, 163, 101, 165, 201, 139, 137, 184, 226, 198, 171, 114], [140, 122, 312, 213, 136, 119, 174, 193, 104, 198, 243, 204, 139, 178, 147, 150, 150, 138, 187, 92, 169, 118, 90, 114, 222, 151, 200, 130, 166, 141, 192, 158, 167, 187, 111, 226, 138, 112, 196, 129, 143, 170, 167, 192, 147, 261, 197, 162, 123, 181, 150, 165, 94, 207, 207, 216, 158, 209, 161, 169, 114, 109, 172, 124, 197, 100, 217, 146, 142, 165, 166, 174, 242, 129, 126], [180, 106, 102, 180, 73, 115, 169, 132, 256, 201, 119, 183, 209, 131, 204, 154, 124, 232, 150, 186, 180, 198, 95, 164, 209, 119, 127, 140, 157, 221, 203, 188, 143, 120, 231, 145, 111, 238, 95, 94, 143, 139, 175, 111, 197, 238, 126, 140, 147, 119, 204, 218, 180, 104, 243, 110, 169, 248, 230, 178, 220, 274, 127, 143, 261, 141, 124, 182, 184, 142, 162, 145, 169, 145, 187], [151, 163, 182, 217, 152, 113, 178, 124, 130, 176, 187, 111, 256, 230, 239, 118, 132, 202, 151, 202, 175, 163, 150, 120, 171, 218, 136, 81, 153, 178, 122, 213, 140, 150, 152, 105, 226, 237, 202, 231, 141, 152, 268, 216, 129, 119, 205, 171, 123, 120, 180, 88, 163, 177, 134, 124, 205, 144, 169, 177, 111, 190, 121, 173, 104, 78, 176, 236, 143, 196, 165, 172, 98, 148, 144], [179, 239, 136, 150, 91, 210, 153, 211, 198, 97, 149, 229, 110, 211, 155, 105, 184, 129, 155, 169, 206, 155, 192, 103, 156, 169, 167, 118, 175, 157, 194, 168, 127, 150, 186, 163, 121, 278, 165, 149, 123, 149, 152, 145, 97, 214, 130, 146, 109, 120, 166, 278, 156, 124, 114, 123, 105, 172, 136, 120, 139, 157, 163, 134, 186, 105, 142, 148, 144, 101, 120, 125, 133, 125, 253], [139, 147, 227, 107, 217, 172, 215, 98, 204, 154, 116, 162, 142, 124, 144, 111, 146, 189, 148, 142, 179, 149, 128, 151, 150, 113, 193, 152, 172, 118, 169, 131, 100, 146, 116, 161, 163, 170, 254, 169, 166, 171, 165, 115, 205, 123, 173, 144, 159, 138, 156, 209, 155, 227, 172, 205, 80, 259, 205, 137, 106, 229, 127, 184, 181, 97, 164, 92, 189, 246, 143, 161, 174, 146, 170], [195, 107, 204, 201, 157, 140, 127, 131, 81, 145, 146, 188, 124, 110, 111, 198, 130, 98, 178, 220, 184, 178, 101, 149, 113, 122, 197, 157, 184, 147, 142, 142, 143, 135, 170, 150, 117, 203, 202, 146, 154, 139, 129, 140, 186, 110, 220, 206, 162, 234, 147, 226, 152, 112, 141, 137, 184, 161, 185, 162, 164, 145, 164, 127, 153, 135, 181, 113, 175, 177, 134, 139, 122, 191, 93], [163, 164, 196, 210, 156, 156, 137, 118, 156, 211, 157, 110, 160, 174, 152, 173, 138, 201, 196, 120, 154, 216, 177, 243, 175, 164, 161, 111, 118, 151, 175, 148, 227, 134, 206, 126, 211, 188, 195, 209, 133, 234, 148, 189, 213, 125, 136, 252, 199, 112, 111, 175, 133, 200, 150, 240, 98, 170, 103, 146, 240, 192, 169, 203, 172, 167, 137, 130, 152, 167, 129, 198, 96, 177, 150]]